1	90 90 168 665977 3104242
2	0 78 328 1964200 7882554
3	0 90 1386 1289228 3133455
4	0 90 7878 1353366 1710236
5	0 0 198858 1232018 2191306
6	0 1212 397848 1335634 2213644
7	0 1146 922921 1353436 2285065
8	0 1146 1014262 1418150 2168786
9	0 25142 924035 1340778 2239943
10	0 301338 1244122 2158381 5397303
11	42 271976 1353374 2227756 7159418
12	116 339156 1228302 2210780 5966421
13	932 354476 1353436 2171408 5371964
14	444 288542 1289110 2171050 5569814
15	518 333422 1289114 2168320 5216844
16	444 302996 1342666 2173325 5297434
17	592 302922 1449954 2180608 5352289
18	518 349980 1440364 2068080 5271814
19	444 379160 1337952 2319565 5451174
20	592 369714 1321846 2173233 5753467
21	518 387682 1350764 2109272 5798186
22	518 391156 1253798 2278302 5492434
23	444 386288 1289972 2152229 5399476
24	444 396518 1288916 2188508 5244842
25	518 381768 1289110 2146938 5425064
26	444 386522 1260580 2151920 5326584
27	518 380220 1344606 2225845 5555940
28	444 411710 1224528 2117409 5616234
29	444 487524 1156910 2179590 5571276
30	518 483210 1220722 2172863 5492811
31	444 364566 1226382 2313566 5859874
32	518 365044 1205696 2190929 5883245
33	518 349466 1287198 2157115 5954030
34	518 378450 1240534 2216988 5987874
35	444 428330 1288850 2215980 6217394
36	518 385826 1224792 2074278 6002966
37	444 376784 1168308 2217149 5541616
38	518 362928 1469920 2138761 5137555
39	444 337770 1434868 2206810 5295129
40	518 345698 1444488 2222058 5387651
41	592 415386 1353300 2126540 5388643
42	518 413670 1346690 2211806 5544889
43	444 399496 1289180 2149854 5392094
44	518 374474 1281936 2222688 5399013
45	592 380538 1353568 2172869 5378028
46	518 374676 1240404 2154100 5594921
47	518 397946 1225258 2205477 6138679
48	444 399216 1270406 2148358 5485460
49	444 422654 1319750 2229615 5955791
50	518 366158 1367480 2144602 6019074
51	592 305034 1336392 2121337 5956657
52	444 337894 1413956 2142164 5994147
53	518 461264 1350318 2162230 6210768
54	518 395660 1414194 2151209 5786528
55	518 371760 1435024 2196560 6102291
56	518 385892 1289246 2363886 5812570
57	444 369780 1353172 2219970 5948808
58	560 400932 1291041 2213660 6079542
59	518 346614 1289424 2175860 5849378
60	518 362726 1362572 2184432 5984067
61	518 367758 1353766 2153068 6569269
62	518 397698 1354464 2214850 6221884
63	518 401666 1367630 2145393 6001930
64	444 388346 1310712 2201922 6172828
65	444 382188 1325398 2116034 5893606
66	518 469712 1331188 2160023 6228935
67	444 578018 1313456 2238457 5851133
68	518 396180 1355146 2278641 6139167
69	518 445334 1289940 2242602 5890525
70	518 397104 1417886 2251578 6308442
71	518 384052 1285414 2189030 6173386
72	518 368922 1289044 2192758 6102853
73	444 390248 1308599 2153127 6326209
74	518 407904 1353502 2152953 6139697
75	518 418290 1418216 2184739 6300622
76	444 407276 1323496 2193552 5836076
77	592 415518 1286194 2157490 6122063
78	370 511812 1366982 2182740 5868091
79	592 410040 1383248 2165116 5992112
80	518 461998 1365804 2133563 6088791
81	518 419148 1463454 2169294 5802677
82	518 393804 1418282 2156377 6003601
83	444 405032 1269036 2198532 6011983
84	518 387072 1289374 2181515 6005609
85	518 429114 1439942 2214315 6079738
86	592 381098 1416794 2110034 6172247
87	444 384572 1325110 2142536 6229852
88	444 373872 1354072 2161748 5990943
89	518 370910 1337416 2192672 6015737
90	518 370778 1353502 2172428 6056927
91	518 358602 1352204 2191461 6072006
92	444 314274 1400010 2182689 6071974
93	518 336054 1313684 2195916 6089205
94	518 400684 1395822 2284369 5915834
95	444 346094 1224792 2130932 6169082
96	518 446976 1291008 2192643 6138593
97	444 504486 1365524 2231493 6082661
98	518 502968 1353828 2218335 6195085
99	518 393152 1343886 2149260 5970474
100	518 397690 1263046 2293963 6224388
101	518 348602 1417754 2202064 5994063
102	486 346260 1347684 2260022 6394689
103	444 405750 1288028 2208154 6306026
104	444 413670 1320796 2185146 6105711
105	444 397434 1279528 2188540 6279660
106	444 434262 1352416 2217194 6045721
107	518 422110 1352044 2244285 6118326
108	444 381660 1380449 2182305 6179514
109	518 391832 1289048 2190731 6066938
110	444 416392 1355018 2206038 6180163
111	518 403440 1353432 2205372 6286343
112	444 432942 1418390 2234653 6028170
113	444 454302 1290948 2189406 5831388
114	518 405164 1424592 2201143 6271039
115	444 455250 1421408 2188192 6094323
116	518 411624 1340770 2279897 6471176
117	518 495576 1345064 2174472 6248967
118	518 416690 1224528 2195220 5467634
119	444 499404 1303015 2166857 6188229
120	518 399092 1418414 2204868 5929704
121	518 406550 1289246 2193575 6114573
122	444 408274 1291934 2233050 6001846
123	518 437298 1239606 2166719 6043403
124	518 502242 1224792 2197418 6295858
125	444 459944 1160012 2183769 6283068
126	444 533056 1095558 2219758 6181582
127	444 426944 1043232 2235265 6023541
128	518 444038 1031570 2110857 5935669
129	518 433734 1112113 2083463 6096422
130	444 366884 1163146 2106847 6333546
131	444 344436 1221990 2161283 5995476
132	518 362660 1183039 2076652 5971245
133	518 349122 1212608 2134884 6174389
134	518 372824 1267052 1970496 5446473
135	444 412532 1224400 2175942 4776516
136	518 369458 1503776 2208866 4628745
137	518 417778 1411750 2159856 4624980
138	444 385892 1352940 2183959 4812424
139	518 425286 1417820 2202397 4880484
140	518 383054 1354686 2170133 5439877
141	518 373088 1466254 2247827 5409053
142	444 360020 1269272 2264280 5432261
143	444 372824 1195818 2160714 5540328
144	518 403976 1225518 2363849 5327374
145	444 428000 1352350 2203221 5437524
146	444 439154 1354030 2218102 5467257
147	560 439022 1541898 2196584 6629385
148	518 437438 1420192 2131320 5925155
149	518 383986 1418282 2223473 6356144
150	518 431762 1509232 2169870 5960671
151	444 490766 1359950 2426530 5385215
152	518 551412 1351466 2239711 5546079
153	370 613394 1353238 2468366 5617834
154	518 582448 1365150 2179207 6327011
155	444 404570 1351966 2462794 6236125
156	518 407664 1569968 2537598 6214452
157	518 429824 1336168 2304186 5707912
158	444 401460 1337932 2212881 5631027
159	444 452552 1352648 2155968 5908681
160	592 418554 1268144 2221423 6432010
161	444 434922 1349284 2185687 6665100
162	592 408984 1362208 2197358 6309929
163	518 399158 1289882 2202176 6158242
164	518 407738 1266078 2164014 6319239
165	518 390446 1417952 2175501 6212322
166	444 406212 1261684 2241648 5661021
167	518 380910 1444140 2173235 6069541
168	444 370390 1413260 2152871 6086417
169	518 370836 1288982 2131523 5937180
170	444 354740 1397480 2220152 6029471
171	592 364962 1222938 2198569 5842607
172	444 424296 1288866 2139003 5969054
173	518 435392 1224942 2148496 6367594
174	518 417110 1224730 2160707 6140499
175	518 474192 1169322 2198901 5928302
176	592 363452 1353766 2148051 5988061
177	518 379160 1160470 2273743 6004737
178	370 378962 1264558 2150329 6135578
179	444 402764 1162316 2158088 5946298
180	518 391428 1160272 2137564 6402021
181	518 413678 1159462 2123061 5986413
182	444 415460 1164838 2184865 5988079
183	518 388400 1189432 2169466 5553949
184	592 365078 1402011 2136580 5546889
185	370 427794 1353502 2187086 6207984
186	518 467006 1436574 2152807 5922159
187	444 442058 1349754 2146610 5825916
188	444 504222 1394548 2215024 5574781
189	518 420542 1489442 2176332 5385596
190	518 405766 1483032 2211572 5294677
191	518 432224 1536120 2239430 5555022
192	486 401856 1289052 2376106 6092471
193	444 413744 1353894 2165029 5497724
194	518 425954 1405328 2328019 6520680
195	518 417234 1321862 2185758 6249276
196	592 448782 1353696 2220302 5924054
197	444 440606 1289444 2200458 5743579
198	518 408234 1289972 2129104 6359628
199	444 396386 1289708 2194331 6455094
200	518 438824 1355984 2168453 5917299
201	444 386116 1353370 2197880 6168689
202	518 437158 1325004 2231185 6107737
203	518 432430 1359158 2166604 5998204
204	518 375142 1349366 2246250 6216668
205	518 428322 1346950 2184128 5857455
206	444 384440 1364432 2220163 6214819
207	518 416854 1237448 2169244 6038827
208	518 410312 1462100 2229327 6132330
209	444 422002 1159124 2261480 6145884
210	518 407532 1125337 2174938 5945450
211	518 435384 1158294 2204698 6265478
212	518 462518 1167988 2208440 6026368
213	518 458030 1225528 2172261 6347480
214	444 454986 1266588 2204993 6087134
215	444 442446 1288850 2141799 5951668
216	518 397970 1236620 2198987 6255246
217	370 401336 1312424 2263539 5972066
218	518 394670 1289180 2156288 5219638
219	518 376182 1436062 2250846 5061547
220	518 358378 1419594 2228279 5422972
221	444 386272 1354692 2222002 5297551
222	518 430376 1421198 2159650 5599404
223	444 383492 1367170 2210148 5273093
224	518 457766 1351268 2272657 5428395
225	518 387270 1271656 2267185 5603762
226	444 377840 1351054 2176158 5353050
227	518 371892 1358486 2135323 5382605
228	518 414966 1287768 2247511 6126237
229	370 371240 1317096 2236482 5895653
230	518 443048 1408040 2234472 6192089
231	518 429708 1290198 2185858 5909698
232	444 469976 1289312 2178419 6214380
233	518 444776 1289048 2221171 6175312
234	444 475256 1355864 2198373 5878477
235	444 402252 1361104 2236706 6122682
236	560 422200 1337132 2249747 6223495
237	518 430648 1286858 2127110 6049860
238	444 416054 1226142 2205968 6314756
239	518 411434 1283326 2163414 6147487
240	518 366620 1262970 2247245 6005289
241	518 382460 1160144 2280812 5686644
242	444 419478 1283922 2134516 6185661
243	444 407730 1354096 2127955 6096068
244	444 418356 1290030 2125567 6397122
245	444 426284 1355706 1987436 5874207
246	518 405362 1349084 2131185 6061964
247	518 440738 1350714 2191484 6108017
248	518 511160 1395130 2235165 5822270
249	518 468096 1435892 2554081 5377709
250	444 461990 1461215 2205349 5722384
251	518 474200 1345082 2158492 6380420
252	444 402788 1418282 2178679 5950010
253	518 419940 1320034 2226624 6060922
254	592 403976 1312741 2177197 6563605
255	444 390768 1339946 2272833 6285228
256	518 426020 1336278 2191983 6102519
257	518 382988 1356310 2161007 6253667
258	518 441992 1320974 2230266 6230784
259	518 403902 1364266 2190006 6010442
260	444 389456 1312656 2229925 6109154
261	444 363782 1353502 2203959 6033058
262	518 390842 1318640 2185064 6142751
263	518 370482 1344754 2211620 6113324
264	444 326030 1314493 2221273 6196264
265	518 356382 1343078 2216093 5957194
266	444 365730 1303783 2258997 6092266
267	518 367808 1261100 2229498 6173904
268	444 368700 1245650 2196096 6284823
269	518 368666 1289378 2151285 6055989
270	518 306106 1353432 2203838 6329541
271	444 314670 1387641 2117580 6059690
272	444 333324 1288982 2139790 5969836
273	444 314926 1296550 2258826 6234611
274	518 346886 1332668 2180390 6055691
275	444 322664 1411372 2179967 5871156
276	444 324776 1290922 2027860 6092108
277	518 341936 1370516 2111766 6248582
278	444 353684 1281602 2153645 6083133
279	444 378698 1353238 2101349 6243646
280	518 375398 1323088 2054769 6144151
281	634 386148 1291550 2135271 6328548
282	518 378376 1238682 2223613 6058703
283	518 375926 1289114 2120643 6106996
284	444 372692 1224152 2286033 5979952
285	444 359030 1353898 2176749 6035461
286	518 361068 1340816 2215090 5814931
287	444 389918 1419950 2206895 6047139
288	518 427448 1292426 2123078 6193952
289	518 408522 1427030 2261682 6019302
290	518 430376 1418876 2181679 5946336
291	518 420468 1353090 2223217 6012077
292	444 458088 1418348 2214388 5699559
293	518 456652 1332718 2169100 6016757
294	518 498818 1349992 2288443 6070077
295	518 349262 1268311 2241337 6412608
296	444 382056 1408118 2244599 5912272
297	444 403572 1484610 2369756 6257844
298	444 401600 1415706 2236507 6070573
299	444 417770 1368204 2204042 6238643
300	518 412152 1354356 2161439 6360484
301	518 398886 1353366 2226910 6177469
302	518 420600 1364558 2264906 6234860
303	444 391238 1267626 2158239 5926883
304	518 419890 1293770 2171929 6041638
305	518 444756 1357280 2191625 6119800
306	518 326138 1416388 2228680 6253439
307	518 358098 1316970 2182551 6181402
308	444 333620 1362616 2138168 6044176
309	518 357966 1283898 2168291 6117912
310	444 373286 1289246 2178951 6191653
311	518 482582 1350298 2215285 5971526
312	518 364302 1261408 2197749 6031310
313	518 486088 1288892 2231384 6137697
314	444 365094 1417886 2055585 5977136
315	592 398688 1385164 2263817 6111192
316	518 441926 1353436 2245496 6224213
317	444 419190 1417688 2212805 6016325
318	518 414990 1457676 2139417 6061025
319	444 408472 1415678 2194840 6156770
320	444 397434 1413732 2140640 5911305
321	444 324042 1341688 2193280 6248809
322	518 377700 1315410 2281247 6415450
323	518 322326 1355356 2246942 6056653
324	518 388408 1353300 2241871 5914787
325	518 356134 1291552 2200013 6129514
326	486 367808 1336572 2190536 6437159
327	518 380678 1321980 2170443 6077929
328	518 382262 1353718 2159585 6402708
329	444 382320 1353696 2149691 6134100
330	518 390314 1224796 2105808 6399071
331	518 449978 1353172 2075121 5870343
332	518 385768 1285798 2216466 6025406
333	518 450498 1352306 2238763 5960197
334	444 408266 1257856 2288926 6179133
335	592 447000 1369597 2188916 6063277
336	444 395066 1334848 2188175 6105779
337	518 420014 1288850 2207194 6069660
338	444 437504 1340696 2181041 6144716
339	444 422852 1288982 2202886 6269906
340	444 422258 1289378 2224531 5989986
341	444 397500 1415154 2167805 6246967
342	518 335996 1291832 2227540 5776977
343	518 391362 1353300 2160383 5986299
344	518 348602 1367190 2134158 6176928
345	518 402590 1329708 2223949 6129809
346	518 352166 1353304 2097159 6312852
347	444 377882 1316906 2106079 6100797
348	518 361374 1353304 2166870 6196535
349	518 361604 1290526 2130251 6026611
350	518 327078 1417820 2140064 5825499
351	518 364962 1264952 2205981 6100799
352	444 339486 1241876 2167917 6107034
353	592 375456 1353172 2170327 5843859
354	444 381528 1289378 2183013 6212774
355	518 418166 1288784 2179868 5970086
356	518 407012 1309968 2277349 5879847
357	518 432224 1359576 2093133 6104617
358	444 354270 1288928 2211315 6361019
359	518 336854 1290262 2198414 6152894
360	518 333662 1342994 2142598 6013527
361	444 378492 1339012 2233828 6284408
362	486 368922 1265618 2171321 6218113
363	592 383978 1289114 2168353 6144203
364	444 383186 1353300 2140883 6144874
365	444 357182 1340766 2172197 6193123
366	444 356316 1270542 2131671 5938888
367	518 377510 1266970 2141783 6060341
368	518 354608 1246792 2161915 5814839
369	444 383310 1326742 2144725 6109735
370	444 369780 1352190 2233299 5849261
371	518 378046 1346396 2148308 6003428
372	444 385142 1261730 2183190 6126113
373	518 385760 1337354 2139029 6065315
374	518 426218 1344021 2233887 5970747
375	444 378368 1316362 2111626 5966409
376	518 422976 1417924 2254949 5941058
377	518 422976 1353300 2168920 6002364
378	444 348240 1340792 2206277 6165532
379	592 369648 1418360 2186587 5878525
380	444 342258 1357156 2189270 6232459
381	518 402318 1320270 2176202 6169955
382	518 374738 1288850 2222978 6280469
383	518 387014 1335864 2290718 6281034
384	444 399282 1351776 2195961 6060988
385	518 390644 1355224 2173004 5994605
386	518 381602 1289424 2216184 6380059
387	592 455390 1353300 2136132 6067681
388	518 422852 1288784 2208054 6272320
389	444 444170 1271706 2189480 6163078
390	518 443502 1421862 2153905 6147619
391	518 425690 1417688 2257229 5962351
392	444 364104 1445050 2264968 6172612
393	518 342860 1353498 2172592 6320187
394	518 380282 1353366 2191398 6147090
395	518 328332 1369972 2263085 6264857
396	518 464284 1224438 2248524 5863238
397	518 450498 1290064 2241891 6023860
398	518 461562 1315262 2177752 6239973
399	486 498488 1353300 2201202 6362223
400	444 426292 1366690 2187390 6119891
401	518 383252 1311332 2264723 6178724
402	444 436456 1224268 2201488 6106391
403	444 381726 1415962 2101928 6200437
404	518 365762 1417886 2175221 6266753
405	518 364368 1414458 2222442 6308524
406	518 429188 1353436 2169870 5754734
407	444 372486 1322076 2158868 5794211
408	518 409356 1338560 2163367 6166120
409	518 419932 1353172 2219509 6073793
410	444 424106 1353214 2258258 5971367
411	592 430442 1333262 2292240 5748020
412	444 432720 1226956 2182446 6113214
413	518 425690 1353300 2232730 6210135
414	518 423314 1338720 2178917 6055404
415	518 373550 1226082 2167734 6135967
416	518 388920 1415426 2179350 6322235
417	444 453616 1340430 2157299 5985165
418	518 480792 1344730 2240438 6063035
419	518 468062 1308490 2140809 6190536
420	518 489900 1339176 2144568 6101635
421	444 437372 1288916 2159926 6125904
422	518 495452 1224396 2161322 6046663
423	518 400206 1304386 2224036 5883098
424	444 449780 1417862 2279931 6179566
425	592 387872 1354766 2114417 5872813
426	444 406682 1395420 2173030 5998352
427	444 405296 1353568 2194854 6342917
428	592 401642 1353300 2192970 5917948
429	370 412952 1358676 2260298 6287235
430	518 400544 1318270 2213004 5690721
431	444 391964 1295688 2191269 5769028
432	444 392534 1338216 2231358 5809852
433	444 411104 1346476 2194360 6179988
434	592 412400 1339182 2191893 6013299
435	560 403778 1338846 2177877 6201335
436	444 391568 1288784 2143940 6207904
437	444 415130 1260350 2166784 5935296
438	518 400536 1251130 2224289 6033322
439	592 404406 1344022 2202287 6001907
440	444 387864 1337946 2194325 6056613
441	444 421796 1353172 2261127 6133380
442	518 387872 1351976 2283297 6197759
443	518 428454 1353828 2217632 6078593
444	444 439006 1387294 2205481 5911267
445	518 483382 1288032 2205630 6338272
446	518 523700 1321126 2198942 5870565
447	518 472278 1353568 2187842 6362954
448	518 567920 1385588 2210000 5929680
449	444 469704 1353766 2225772 6093345
450	444 405890 1370972 2263308 6417154
451	518 392154 1412702 2260744 5937804
452	518 416186 1354232 2222316 6176922
453	592 423306 1324832 2218686 6169435
454	444 460530 1338124 2182692 6114209
455	518 439154 1288032 2252667 6433608
456	518 453014 1279790 2229039 6360110
457	518 454004 1288916 2126468 6097708
458	518 437438 1352156 2236358 6273073
459	444 423026 1352672 2206389 5976886
460	518 466292 1291774 2193764 6167192
461	518 409058 1288784 2132434 6013910
462	518 418752 1353484 2210634 6234868
463	518 366612 1288784 2193319 6062227
464	518 446488 1344026 2166581 5936444
465	444 377246 1440042 2150541 6095609
466	444 437636 1364374 2323708 6337290
467	444 446802 1354580 2330149 5853098
468	518 437496 1371760 2265215 6000528
469	518 479802 1382803 2362752 6231042
470	444 417408 1353812 2330340 6430018
471	518 498744 1351528 2281067 6131532
472	486 539276 1355282 2145706 5993571
473	518 513536 1313616 2262176 6624125
474	518 427308 1302978 2172129 6298578
475	444 486484 1363764 2243175 5974074
476	444 422060 1353188 2503559 6297344
477	592 450894 1395245 2221192 6435685
478	444 437958 1311726 2180511 6052023
479	444 487070 1198075 2203118 6634801
480	592 455382 1334628 2210144 6197172
481	518 494000 1406224 2166225 6121322
482	444 501582 1417754 2157119 5994381
483	444 602174 1416810 2313063 6129834
484	518 321092 1464268 2404915 5905768
485	444 315000 1430688 2321061 6073986
486	592 354550 1423836 2192591 6258133
487	444 419618 1353366 2324730 5511741
488	518 453996 1339988 2207867 5386628
489	444 426614 1353498 2196744 6256615
490	518 469424 1357082 2172135 6305684
491	444 436110 1352478 2187204 6151735
492	518 413884 1287636 2232058 6623965
493	592 463434 1228876 2273392 6000729
494	444 440870 1341538 2221095 6013544
495	518 454310 1347702 2172518 6325572
496	518 450308 1292638 2204129 5936856
497	444 432216 1289048 2104212 6306366
498	518 452280 1354180 2124810 6031142
499	518 530102 1337934 2404370 6028765
500	518 527982 1415912 2168317 6120205
501	444 475314 1419100 2171980 5989954
502	518 517554 1544568 2255182 5740915
503	444 490098 1234140 2171275 6215448
504	444 538278 1124566 2149860 6483602
505	444 495882 1221440 2219374 5760466
506	518 395000 1232462 2426629 6342384
507	444 510558 1159988 2192788 6019845
508	518 415328 1164892 2366548 6200103
509	560 395652 1167100 2249759 6275755
510	444 431952 1217394 2155182 5984636
511	444 399546 1288850 2208264 6488805
512	518 385232 1123062 2157122 6198210
513	444 402714 1268396 2166913 5530591
514	444 394348 1355348 2141278 5332151
515	444 354270 1480396 2173785 5372667
516	518 356332 1417886 2155916 5341478
517	518 328530 1419822 2185755 5573794
518	518 359088 1445492 2260474 5469724
519	518 342068 1418790 2162761 5337700
520	518 313688 1368598 2227489 5345662
521	518 337514 1224928 2028637 5612984
522	518 393664 1289584 2188553 5462242
523	518 398630 1300636 2355078 5463738
524	518 479150 1345226 2267540 5872350
525	444 404504 1289048 2140746 6211075
526	444 512612 1352176 2211565 6516419
527	444 504890 1383344 2139642 6275958
528	518 502580 1322362 2219870 6076750
529	518 484422 1353894 2211475 6153300
530	444 521118 1388988 2224757 6172712
531	518 435582 1353304 2180974 6258449
532	592 398342 1482684 2253730 6305034
533	444 366744 1532738 2190967 6184552
534	444 402392 1439324 2141454 6215564
535	518 422522 1288892 2204161 5928533
536	518 412062 1337224 2217935 6246089
537	592 423438 1288982 2178603 6071983
538	444 408464 1256688 2260974 6000916
539	518 392352 1341914 2204596 5966282
540	518 392550 1291220 2218352 6211125
541	370 396782 1348242 2202903 6328775
542	518 410964 1340722 2272709 5966214
543	518 411954 1288066 2225511 6238741
544	444 439748 1168122 2154029 5965202
545	486 417836 1340974 2174966 6163103
546	518 459086 1210968 2111868 6166297
547	518 417440 1293012 2187280 6181067
548	518 391428 1222072 2299740 5932141
549	518 393944 1331452 2261821 6015111
550	592 400140 1347124 2199587 6075959
551	444 410964 1261880 2165566 6283015
552	518 405000 1353630 2212668 5868192
553	518 459936 1328286 2130009 6130205
554	444 395190 1354914 1939208 6458761
555	518 466808 1306422 2159065 6106466
556	518 349534 1273154 2159545 5705204
557	444 399150 1338028 2259336 5405566
558	518 405156 1352136 2229384 6009904
559	518 423834 1361248 2141708 5900252
560	518 423042 1341312 2233732 5604595
561	518 423644 1368510 2221198 6170293
562	444 477360 1362578 2163615 6355802
563	518 454532 1418324 2182884 6123954
564	518 478878 1365903 2263198 6236940
565	444 508652 1450166 2204899 5981599
566	518 491038 1341742 2331039 5996086
567	444 672134 1437818 2402826 6209753
568	518 457956 1469006 2288214 6098275
569	444 460538 1519600 2253822 5990808
570	444 472146 1405788 2229968 6302146
571	592 450638 1364610 2195009 6236955
572	444 483176 1353696 2161324 6366127
573	518 453270 1289666 2256476 6456529
574	444 364104 1353828 2236334 6257282
575	518 418562 1285802 2226406 6358309
576	518 433148 1365826 2234653 6160744
577	370 451076 1291236 2216275 6125456
578	518 442256 1353300 2242211 6111123
579	518 473218 1282982 2135001 6137173
580	444 460398 1291968 2151320 6121968
581	444 404842 1243096 2177704 6342541
582	486 385950 1296821 2149063 5818457
583	518 367586 1348254 2218266 6029710
584	518 380868 1318349 2293621 6178824
585	444 374606 1353688 2167227 6006100
586	518 364648 1432386 2198718 6149377
587	518 381734 1358398 2199028 6070475
588	518 380794 1288784 2220547 5909572
589	518 408208 1356696 2265993 6312965
590	518 410510 1288978 2303698 6194198
591	518 430368 1312518 2201413 6195335
592	518 412680 1319642 2267598 6159659
593	518 436086 1353300 2167712 6029035
594	444 416318 1263698 2210692 6242611
595	518 495312 1350560 2236246 6355020
596	518 462774 1353172 2265984 5905233
597	518 504288 1313178 2227922 6335014
598	444 490016 1425086 2274346 5957221
599	518 415724 1354914 2182208 6319074
600	444 443576 1310296 2240474 6141816
601	518 476766 1357308 2221713 6130407
602	518 386098 1506459 2245498 6178667
603	518 410048 1267998 2261458 5988021
604	444 404306 1287854 2256073 6012995
605	444 381198 1423162 2237641 6303579
606	518 418364 1353304 2197249 6428426
607	444 396774 1436522 2255328 6499144
608	518 412490 1285926 2240262 6000236
609	518 429262 1293214 2141423 6092821
610	518 398894 1248834 2173661 6355151
611	518 437636 1343058 2217969 5968362
612	444 385034 1353630 2289272 6363998
613	518 471956 1419760 2251619 5905691
614	444 381842 1318020 2219734 6253518
615	518 411904 1377085 2204402 6273150
616	518 385702 1387830 2173508 6106622
617	444 400000 1362092 2207582 6148235
618	518 386618 1095752 2161513 6168129
619	560 373930 1039156 2224402 6236599
620	518 434328 1031104 2170413 5832460
621	518 363312 1081264 2375876 6145330
622	518 401724 1283810 2094499 5951132
623	518 288608 1162014 2154244 5814641
624	592 301808 1227836 2102466 6172063
625	444 298632 1219480 2163022 6139378
626	518 308408 1168328 2126375 6348490
627	444 412350 1160602 2297779 5658886
628	444 345434 1078142 1896122 4888072
629	592 434798 1447432 1669882 4615266
630	444 352628 1355732 1724340 4551989
631	444 339090 1420248 2051079 5108591
632	518 332688 1447828 1973843 5587444
633	518 352298 1417688 1968487 5684872
634	518 332564 1416700 2162391 5218260
635	518 367602 1404510 2187800 5409617
636	518 386090 1221612 2217502 5060526
637	518 387328 1347820 2123086 5173666
638	444 399364 1422990 2190959 5161082
639	444 388730 1358376 2223862 4704112
640	444 398168 1293280 2440868 6452580
641	444 452874 1339162 2269353 6533714
642	518 512010 1462340 2318088 6255254
643	444 480602 1351992 2319938 6420812
644	518 478944 1353172 2283079 6432721
645	518 493208 1459728 2230549 6489728
646	518 445894 1419100 2202602 6064854
647	444 406410 1353300 2219480 6171998
648	518 404966 1284848 2297488 6385499
649	592 394596 1388702 2209859 6469929
650	444 378566 1444804 2206392 6225539
651	518 395066 1369440 2145167 6476496
652	518 404306 1288850 2194755 5886749
653	518 430310 1364458 2167606 6622960
654	518 424106 1338412 2174203 6011770
655	444 430508 1289560 2225446 5951865
656	560 427208 1324236 2283513 5885145
657	518 422728 1288656 2209090 6010825
658	518 388994 1271978 2172474 6327443
659	518 416780 1262016 2258366 6204703
660	518 398894 1288056 2213555 5913732
661	518 368204 1290068 2149452 6299792
662	518 417110 1224858 2257648 6182864
663	518 470702 1441768 2268466 5964900
664	518 412944 1416886 2258199 6141758
665	370 367800 1366680 2167430 5883609
666	518 400404 1339536 2110940 6128159
667	444 433800 1359444 2263525 5916533
668	518 521688 1283168 2159703 6546505
669	444 444822 1353172 2211350 5969706
670	518 459458 1288850 2310024 5914014
671	444 345096 1397083 2304596 6302426
672	444 338768 1366564 2284216 6097579
673	518 369920 1290340 2135992 6259384
674	518 370308 1367882 2194240 6178194
675	518 397648 1343676 2281579 6387937
676	518 377188 1321794 2142315 6249430
677	518 394992 1353300 2206605 6040278
678	518 365226 1288784 2138147 5927004
679	444 380018 1420960 2208331 6053184
680	518 346622 1412910 2190735 6129886
681	518 398358 1288916 2276409 6041778
682	518 371438 1288826 2179315 5847159
683	592 391766 1317684 2227508 6152659
684	444 381528 1289284 2289297 6033044
685	518 346136 1355108 2118293 6100430
686	444 382526 1360450 2184460 6203754
687	518 362132 1353366 2222037 6054239
688	444 410370 1417688 2192248 6018690
689	518 365688 1288916 2213043 6495121
690	444 419890 1288982 2166759 6229766
691	444 360680 1346190 2224130 6425867
692	518 325800 1289048 2274819 6093950
693	560 323382 1420708 2289487 5967537
694	444 334412 1350520 2201985 5954892
695	518 421012 1354228 2128711 6151032
696	518 417762 1354518 2170398 6069401
697	444 436572 1364678 2131864 6120967
698	518 426416 1351058 2184355 6204145
699	444 409322 1332810 2274412 6065201
700	444 394662 1351968 2204237 5868440
701	518 370778 1284580 2169173 6337310
702	518 342266 1353300 2219724 6136860
703	518 379490 1340384 2222077 6525477
704	518 337848 1358686 2145833 6153167
705	444 313358 1266292 2214331 6198357
706	444 333026 1245066 2185092 6355236
707	518 370242 1342584 2162317 6011611
708	518 371372 1289816 2193132 6127264
709	518 384580 1331886 2175482 6342504
710	518 380514 1266310 2163387 6095321
711	444 356324 1344004 2169918 5992113
712	518 314010 1288850 2120479 6286099
713	518 361860 1336924 2111218 6028629
714	444 325118 1288761 2190696 5724083
715	666 328572 1362928 2287484 6186808
716	444 308268 1281000 2209582 5994087
717	518 356886 1299626 2178588 5858149
718	518 364574 1289246 2159411 6041809
719	444 377898 1263570 2217316 6122738
720	518 378426 1271136 2100431 6449568
721	518 393218 1288784 2172548 6120216
722	518 387938 1291806 2131614 6250837
723	518 363576 1289378 2105484 6096051
724	518 367206 1379610 2174452 4288851990
725	518 351696 1288784 2135319 6021639
726	518 362924 1285476 2227647 6162619
727	444 351168 1291260 2184245 5919209
728	444 345302 1346278 2162124 6110320
729	592 390908 1425782 2208482 6034270
730	486 395000 1224528 2270197 6019871
731	592 399488 1287900 2221286 6000906
732	518 403522 1162280 2203996 6261540
733	444 375200 1238498 2191147 6125888
734	444 327606 1167378 2235979 6073138
735	444 340088 1331442 2140687 6004993
736	444 275672 1246850 2113866 6080685
737	518 316790 1341731 2203181 6233203
738	518 313498 1352068 2165477 6202565
739	518 332754 1420300 2208400 5964124
740	518 320676 1383856 2202797 6213135
741	518 340352 1397939 1884567 5424216
742	444 322070 1344170 2193290 5438924
743	518 333414 1258600 2134834 5435903
744	518 324314 1353214 2142120 5373694
745	444 445564 1322500 2176691 5408773
746	518 328802 1345096 2172738 5932606
747	444 451826 1209280 2147508 6321560
748	518 330386 1418720 2179414 6162479
749	592 341664 1289246 2158088 5947800
750	518 318548 1319190 2203857 6253804
751	518 333678 1287768 2148186 6060843
752	518 321732 1374746 2222796 6164796
753	444 334940 1327550 2237837 6131611
754	518 339758 1338644 2172256 5866939
755	518 337580 1339140 2243667 6384757
756	518 358676 1288850 2215810 6127469
757	518 349988 1288156 2065200 6114976
758	518 364220 1327848 2201121 6095724
759	518 436316 1353828 2204378 6061022
760	518 428792 1353172 2232093 6063986
761	444 427142 1345442 2230775 5923246
762	592 445424 1339528 2226170 6138898
763	518 460200 1358678 2176214 6210429
764	444 440664 1349892 2247039 6059181
765	518 368666 1354158 2267490 6132850
766	518 329322 1482142 2153677 6287750
767	486 328934 1343064 2192724 6151260
768	518 360012 1417820 2152093 6288249
769	444 373484 1286828 2250498 6287453
770	444 368534 1289048 2222093 6330307
771	518 380208 1349730 2160023 6211107
772	444 380216 1341172 2166266 5900770
773	518 350384 1287204 2176657 6267465
774	444 359888 1285670 2180583 6023718
775	592 332630 1292310 2213487 6242494
776	444 317912 1336812 2200690 6231882
777	444 327936 1394038 2168345 6167095
778	518 327614 1354010 2221815 5995894
779	444 336194 1438150 2259270 6125058
780	592 335196 1286826 2174697 6262523
781	518 394010 1441146 2093138 6154220
782	444 406988 1340726 2158493 5943096
783	592 409652 1288916 2159172 6032098
784	444 399554 1335830 2190439 6245044
785	444 413604 1288784 2183670 6022795
786	444 378822 1433184 2129152 6070773
787	518 384836 1285658 2159575 6006504
788	444 381594 1286310 2203030 6350415
789	444 401658 1372098 2171624 6083157
790	518 397706 1351640 2189191 6262470
791	518 472946 1339780 2183139 6269744
792	518 454202 1249562 2148145 5928736
793	444 457246 1337898 2193224 6050697
794	444 487928 1288784 2185797 6173612
795	518 467930 1356578 2303613 6174238
796	444 360746 1350504 2287879 5996583
797	518 358436 1358030 2259491 6129488
798	518 370522 1351374 2235764 6111469
799	518 367214 1190974 2190197 6527388
800	518 360416 1355092 2171353 6083924
801	444 361002 1288916 2117143 6092601
802	518 370060 1288784 2212435 6135341
803	518 441596 1262556 2221533 5881748
804	486 453410 1291228 2184297 6154947
805	518 448130 1354142 2172537 6049971
806	444 473508 1302760 2267292 6088618
807	518 364112 1534190 2365359 5874994
808	518 367940 1466148 2233693 6056702
809	444 374466 1482274 2228044 6236423
810	518 327812 1352234 2236098 6089159
811	518 352884 1288784 2180648 5678955
812	518 320610 1353172 2151254 5742692
813	518 368080 1334286 2246977 6328188
814	444 342902 1364432 2206414 5891342
815	518 340220 1359984 2231043 6081999
816	518 354006 1292416 2185635 6187810
817	444 398094 1362792 2125744 6141766
818	518 354938 1350578 2227713 6098916
819	444 398102 1353880 2168882 6124508
820	518 391370 1345578 2115886 6426188
821	444 395000 1351388 2232812 5992779
822	518 416986 1267202 2185877 4289830984
823	518 383698 1407476 2140232 5898370
824	444 411962 1289378 2180798 6256929
825	518 427266 1288916 2245045 6515233
826	518 423050 1344068 2156152 5928175
827	444 434476 1362254 2280065 6116265
828	518 457626 1353432 2228900 5982479
829	444 469638 1358258 2215549 5814573
830	518 428470 1417688 2188181 6207793
831	444 379886 1257202 2260250 6031625
832	518 355730 1366168 2218976 6150995
833	518 341870 1348576 2189807 6343676
834	518 358700 1353432 2333230 6275085
835	592 351506 1359792 2145906 5867486
836	444 355532 1418076 2238934 6036700
837	518 319430 1438714 2203725 6112025
838	518 280656 1354352 2176881 6127486
839	444 329124 1319926 2313396 6279749
840	518 349724 1264854 2230868 6249549
841	486 408852 1337630 2228125 5892991
842	444 344642 1324760 2108354 6254850
843	592 429848 1290200 2113736 6116822
844	518 366744 1353692 2161747 6267292
845	518 423644 1347842 2279983 6269546
846	444 385158 1353366 2104502 5922037
847	592 420138 1353432 2110636 6091690
848	518 408390 1289378 2219219 6181693
849	518 353808 1418018 2180353 6085156
850	518 363328 1290328 2274210 6504197
851	444 335262 1356062 2278251 5957822
852	444 375340 1338482 2221996 6266673
853	592 362256 1364508 2228534 6007734
854	444 379168 1337120 2186330 6227002
855	592 380084 1290848 2126100 6222950
856	444 367074 1296042 2214655 5982876
857	444 352958 1292238 2163941 6341281
858	444 359360 1321596 2192117 5994042
859	518 372956 1406020 2217654 6135964
860	518 375456 1330464 2226018 6126434
861	518 379284 1291140 2137450 6264424
862	444 388442 1353828 2238104 6365716
863	518 388722 1351524 2164990 5985919
864	518 392822 1343256 2210451 6278638
865	518 365762 1349166 2207458 6027232
866	444 369062 1370790 2178796 6240483
867	592 367866 1289044 2174569 5961722
868	592 370044 1385428 2222812 6217779
869	444 380216 1315704 2169562 6159090
870	518 365366 1185748 2184305 6106303
871	518 397104 1317902 2224100 5943019
872	370 361348 1354716 2183000 6166063
873	518 403638 1360356 2233016 6033066
874	518 385620 1340194 2166629 6336875
875	518 407606 1362924 2236420 5975183
876	518 397574 1289378 2439653 6205871
877	444 413340 1353432 2294381 6199752
878	560 407078 1362382 2200670 6068767
879	444 333274 1292562 2230719 6280589
880	592 416912 1352614 2373012 6002038
881	444 356852 1289144 2234308 6633381
882	518 401196 1353564 2282088 6211891
883	444 365440 1359338 2209679 6369378
884	444 428916 1353564 2131509 5946254
885	518 387740 1341042 2209191 6243287
886	444 430104 1286340 2162137 6268451
887	444 407120 1353172 2283222 6163825
888	518 459804 1288836 2250860 5993488
889	592 405552 1423224 2183793 6261317
890	518 352760 1353882 2280905 6186908
891	444 339494 1352560 2265609 6234952
892	518 426556 1343942 2225180 6111581
893	518 393474 1354752 2182444 6441569
894	518 428792 1289176 2240874 5992813
895	518 414404 1361706 2211682 6136600
896	518 339726 1512738 2249455 6109633
897	518 417704 1288916 2176098 6047259
898	518 379292 1296766 2222765 6163524
899	444 420748 1353366 2250325 5987725
900	518 397582 1263182 2137032 6398458
901	444 397764 1276478 2261742 6208655
902	518 394068 1350572 2250313 6406846
903	518 388202 1482468 2171116 5910806
904	444 390776 1224400 2195532 6114081
905	518 375002 1218210 2171598 6226327
906	518 390702 1095294 2165990 5555280
907	444 410048 1161312 2264249 6144572
908	518 378888 1188342 2211349 6098449
909	518 438948 1433871 1987828 6141842
910	518 364302 1322330 2133269 6004062
911	444 393804 1425780 2276428 5862998
912	444 373286 1353432 2188261 5967530
913	444 377832 1415631 2165511 5972716
914	370 362322 1298668 2465383 5423811
915	518 401138 1241502 2256943 4919736
916	518 437900 1356204 2325968 5343121
917	486 427472 1349722 2274097 5546572
918	518 444764 1345620 2166515 5308012
919	444 447594 1417688 2199788 6615138
920	444 426936 1400898 2184554 6793596
921	518 462980 1288536 2194273 6073175
922	518 574784 1282162 2275351 6184516
923	518 489908 1362634 2535106 6226651
924	444 404826 1412956 2290442 6207795
925	518 430104 1358008 2219471 6061572
926	518 441902 1422874 2161465 5960007
927	518 441720 1353432 2203715 6415073
928	518 446150 1290094 2200717 6855571
929	518 462914 1353426 2156670 6170588
930	518 406080 1224680 2231310 6046154
931	444 455250 1221420 2264791 6023471
932	518 401534 1405776 2191533 6045207
933	444 443518 1385778 2170329 6151388
934	444 449492 1326274 2343602 6176106
935	444 379234 1289482 2152120 6060339
936	592 449706 1288982 2243932 5982988
937	444 494330 1353370 2077338 6348770
938	592 285564 1316478 2190177 6026939
939	518 237458 1418294 2199624 6371709
940	444 408134 1414078 2266696 6133152
941	444 463830 1417688 2257513 6167628
942	444 429882 1288784 2174732 5566320
943	444 488382 1362262 2252310 6245478
944	518 463904 1326050 2181149 6370289
945	518 487062 1267126 2164330 6502379
946	518 489974 1416718 2269209 5855014
947	518 458294 1420132 2204945 6249618
948	518 443378 1289098 2184737 5913405
949	518 477962 1288982 2170969 6039375
950	518 403572 1287834 2184739 6281412
951	444 394208 1316278 2200554 6291450
952	444 425632 1427820 2144434 6092605
953	518 414074 1352796 2168184 6089804
954	444 425690 1363812 2193673 5992197
955	518 468582 1369358 2141893 6009710
956	560 456636 1353696 2253773 6074648
957	592 471750 1353238 2207537 5919117
958	518 493736 1414166 2213948 6024239
959	518 477830 1459206 2221613 6125991
960	518 420418 1311744 2238303 6234290
961	592 456710 1356296 2289608 6007977
962	444 434732 1353172 2186908 6379074
963	444 563696 1283688 2135739 6034830
964	592 552674 1288978 2248292 6625306
965	518 600458 1382096 2263941 6049442
966	518 565008 1267304 2278528 6151273
967	518 539144 1219198 2247820 6169279
968	444 433404 1175602 2238659 6075806
969	518 476972 1352478 2204708 6383615
970	518 416780 1228558 2227683 6229361
971	444 373484 1258450 2325122 6077376
972	444 390042 1104210 2199834 6367460
973	518 416780 1289048 2131513 6098065
974	444 425336 1547186 2150981 5757823
975	444 421136 1804668 2123275 4954882
976	518 432992 1676222 2142354 5516559
977	518 416054 1805130 2148929 5418158
978	444 426152 1730410 2223057 5320876
979	518 440730 1560170 2706752 5329209
980	444 4860 1204196 2707320 5232248
981	444 4482 1149641 2577666 5440692
982	444 4902 1251247 2780142 5383560
983	444 518 1116423 3043855 5584001
984	444 592 783544 2998263 6352841
985	444 518 1776205 2929210 6271439
986	444 518 1597394 3260445 6193631
987	518 592 1682080 3437877 6206721
988	370 518 1168711 3343921 6132789
989	444 518 786977 2597405 6232769
990	444 592 1182026 3802725 6124104
991	518 518 1249509 3079246 6211132
992	444 518 1251719 2441432 6302921
993	444 1004 1364918 2226645 5984665
994	444 1012 1336804 2193688 6159299
995	444 395924 1721064 3323099 6371310
996	560 83150 1812481 3115081 6208607
997	518 466198 2178732 3315626 6159869
998	518 901626 2165180 4337766 6102019
999	518 254133 1104025 4043099 5765070
1000	518 940810 3371992 5008366 5640204
1001	199551 1205366 3092436 4839584 5483771
1002	330 3174844 4665842 5966531 5966531
1003	272 3156395 5074234 6423964 6423964
1004	74 2897188 5705939 9917706 9917706
1005	74 544 1122 1334531 1334531
1006	0 0 84 676 676
1007	0 74 74 158 158
1008	0 0 42 116 116
1009	0 42 74 74 74
1010	0 0 0 116 116
1011	0 0 42 74 74
1012	0 0 0 0 0
1013	0 0 74 74 74
1014	0 0 0 74 74
1015	0 0 0 0 0
1016	0 0 0 0 0
1017	0 0 0 0 0
1018	0 0 0 0 0
