1	90 90 508 977790 2453564
2	70 168 250 664340 1462856
3	0 250 320 429434 688336
4	0 0 100332 347416 476714
5	0 70 282648 441246 1108501
6	0 70 289002 343176 1820684
7	0 70 303370 366468 1691898
8	0 538 255842 387962 1797731
9	0 2538 311502 553665 1819719
10	0 2446 301624 1362415 2103707
11	0 2538 296446 1299919 2351980
12	0 24496 300658 1260091 2654813
13	0 131710 354334 1368310 2728235
14	592 227894 396084 1269885 2084381
15	444 246880 409074 1419777 2083578
16	518 339314 379432 1386253 2068787
17	518 367660 391484 1407202 2051222
18	518 347070 419186 1417476 2037738
19	560 276120 418430 1274837 2078618
20	444 312476 442672 1396481 2077024
21	518 296116 378172 1453818 2106753
22	444 366474 442606 1398903 2127883
23	518 356012 403400 1364782 1950882
24	444 331964 369686 1358958 2242778
25	518 340702 381592 1448111 2436240
26	370 352572 421358 1351448 2388150
27	518 369790 410054 1305874 2390803
28	518 372994 423814 1476447 2352747
29	518 364922 385192 1398484 2259774
30	518 320694 403128 1539694 2381135
31	444 365334 437740 1530726 2560908
32	518 406374 469688 1453055 2373661
33	518 352458 435684 1484796 2432404
34	444 350388 438932 1458582 2415903
35	444 354518 398880 1470958 2406524
36	518 327914 429904 1603904 2407108
37	592 339294 420582 1552400 2414160
38	518 341510 454184 1468212 2401002
39	444 304610 379238 1536744 2606712
40	518 360852 380746 1466798 2453202
41	518 355382 422680 1547360 2497790
42	592 358610 378850 1464710 2738079
43	518 333170 451508 1485636 2584441
44	518 361342 445348 1619288 2424464
45	444 373694 417714 1537304 2449972
46	444 363444 437048 1538682 2396499
47	592 402980 444538 1601531 2280254
48	444 350074 424966 1583242 2379481
49	518 297414 349542 1476154 2389291
50	518 371846 452972 1554848 2394554
51	518 354132 473710 1470356 2400640
52	518 368448 419172 1430780 2371835
53	518 400148 453350 1553960 2391866
54	444 389336 427264 1521056 2678968
55	518 380276 484942 1504456 2698785
56	518 419086 523056 1546108 2711536
57	560 383730 430402 1502580 2392183
58	518 314806 441350 1503664 2239712
59	444 366098 464138 1674516 2458099
60	592 347300 417448 1696552 2369759
61	444 345500 423482 1751138 2700728
62	444 355174 464660 1493340 2757109
63	518 365348 461132 1527452 2652652
64	444 369056 492822 1569210 2688599
65	518 364960 477156 1594538 2724639
66	518 319214 383916 1688556 2729851
67	518 312828 385822 1605701 2595116
68	560 372084 438704 1622040 2400410
69	444 378678 440520 1754372 2583661
70	518 351902 421964 1666904 2417572
71	518 380968 457084 1643973 2406617
72	444 307104 398884 1620679 2488284
73	518 372476 480490 1560938 2704312
74	518 302256 440016 1596488 2527269
75	518 370860 464096 1521972 2456681
76	518 374150 452880 1533064 2480075
77	518 366504 438316 1552810 2394966
78	518 333562 439970 1672824 2608472
79	518 317406 423376 1610169 2638596
80	444 300458 387620 1611718 2398076
81	518 275740 366476 1506822 2411948
82	518 296170 373634 1553288 2632624
83	592 293502 395898 1648453 2407232
84	444 319172 393826 1661846 2620516
85	518 367660 460332 1415584 2792760
86	444 371330 486314 1431261 2731682
87	518 418768 445982 1379798 2471930
88	444 324710 474982 1388413 2489012
89	518 370078 455608 1560347 2170094
90	518 413066 460010 1566336 2097148
91	518 330624 433706 1760528 2119712
92	444 378800 424548 1622988 2028396
93	518 359340 444006 1563752 2331059
94	518 371520 442322 1377782 2398772
95	518 368648 436956 1307522 2592244
96	444 365220 439142 1369206 2751041
97	592 370936 443356 1513659 2701478
98	444 320658 442320 1515186 2643402
99	444 400704 487980 1493934 2661378
100	444 315984 423378 1635319 2738135
101	486 360678 372796 1653127 2735516
102	518 367436 475502 1752116 2454176
103	444 354332 380704 1694108 2455731
104	518 336180 388454 1691184 2399951
105	370 372436 414974 1647350 2477531
106	518 374980 433960 1630798 2760640
107	518 366572 421396 1545968 2702853
108	444 334450 373706 1584994 2622138
109	518 363312 465784 1555362 2472498
110	444 363138 473572 1557824 2443590
111	444 340302 423806 1593532 2354005
112	518 417846 479066 1646952 2447656
113	518 387104 434394 1583779 2397572
114	518 360114 436714 1551552 2457432
115	444 372234 450728 1556184 2435871
116	518 364386 438504 1439300 2418052
117	560 364644 427464 1620702 2372486
118	444 369530 473260 1575712 2423851
119	518 365614 422042 1562346 2603884
120	444 361402 410466 1499230 2752918
121	518 368358 475432 1583866 2633726
122	518 320990 498718 1495832 2725930
123	444 360984 391968 1495344 2409917
124	444 368402 457776 1635927 2585726
125	518 329450 428822 1702675 2689523
126	444 361822 432994 1667768 2696051
127	444 374538 477950 1687802 2455802
128	518 373388 418334 1565516 2451390
129	518 368522 474986 1611904 2546601
130	518 301094 481200 1622878 2803647
131	444 400472 466988 1621640 2578291
132	518 353482 454440 1554046 2544472
133	518 357768 489384 1557900 2423733
134	444 437124 465418 1615306 2432390
135	518 360712 473328 1787796 2493172
136	518 379948 500108 1655066 2548731
137	518 433042 494956 1565566 2491433
138	444 367042 437832 1594412 2704764
139	444 416482 462908 1491636 2782178
140	518 438102 459144 1557698 2682661
141	518 404332 452970 1617942 2741823
142	370 381170 441890 1619996 2760216
143	518 438320 507678 1687332 2710161
144	518 363538 496562 1737530 2800516
145	560 370320 464898 1756830 2777329
146	518 426624 490876 1675828 2687251
147	518 370436 445790 1756652 2744542
148	444 360214 442246 1747984 2713427
149	444 344190 426276 1738072 2771784
150	444 372924 463660 1772220 2853884
151	444 430830 461372 1745160 2699789
152	518 427476 456422 1692800 2795944
153	518 371038 444678 1615735 2758275
154	444 428702 465270 1660490 2725491
155	518 416866 478322 1714366 2763261
156	518 367506 471728 1766732 2562303
157	518 335598 503076 1758640 2474792
158	444 416828 489828 1769598 2484419
159	592 422820 451628 1726880 2572164
160	518 300760 425502 1817134 2756171
161	518 371812 541568 1638362 2778030
162	518 366612 462612 1503068 2728969
163	444 427758 464514 1641902 2691485
164	444 318352 445146 1622762 2795175
165	518 375228 426642 1710448 2701606
166	560 374184 456166 1659633 2767642
167	518 368786 425034 1691576 2681783
168	518 338414 430312 1808642 2711612
169	444 352224 381484 1692972 2561708
170	518 364864 400552 1671985 2488087
171	518 371934 430926 1653748 2669860
172	592 368380 515190 1594000 2712924
173	518 372748 478990 1635575 2733092
174	444 371178 441944 1619470 2503927
175	444 384418 441056 1567300 2478735
176	518 389510 450534 1660091 2442203
177	444 325094 446610 1726158 2394508
178	518 349586 383400 1773768 2427488
179	518 363442 451166 1586248 2499630
180	518 373348 444722 1570162 2434724
181	444 369440 428248 1584468 2588204
182	444 346702 435188 1584887 2789564
183	518 366466 466106 1585668 2796655
184	370 366208 409512 1567006 2714353
185	592 367302 431106 1542988 2557524
186	444 373882 452110 1626626 2449082
187	518 424236 503980 1615117 2461692
188	560 383074 455258 1610126 2446480
189	444 382438 477046 1647326 2650902
190	444 371394 453544 1613013 2513822
191	592 357020 454510 1516322 2419977
192	518 377916 480052 1560752 2416531
193	518 423640 497146 1575346 2467450
194	444 371164 457650 1702028 2467632
195	518 385520 446448 1622890 2587789
196	444 413558 488176 1518946 2707585
197	518 369320 455844 1553932 2767846
198	444 388944 468970 1573108 2762160
199	518 375768 425572 1507918 2639694
200	592 365446 418016 1699048 2734601
201	518 337884 476458 1687286 2696050
202	444 360658 457512 1796609 2765765
203	518 353476 458742 1687372 2788282
204	518 416572 465588 1734776 2750375
205	444 382778 436006 1674590 2763790
206	518 412134 450246 1605138 2693140
207	518 422636 488234 1644549 2822949
208	518 381066 433222 1716184 2733363
209	518 386666 464306 1731810 2719537
210	444 329162 422302 1665914 2354887
211	444 369216 424252 1707132 2462702
212	518 362980 456158 1779606 2695917
213	444 364874 432470 1715942 2786054
214	444 386486 446966 1635000 2688502
215	486 339090 472760 1634345 2689145
216	518 295778 433616 1520746 2796056
217	518 363724 402748 1648230 2800154
218	518 338344 408166 1768660 2707751
219	444 366082 428392 1662284 2646984
220	518 352476 440332 1670006 2421248
221	444 308882 445784 1635396 2492204
222	518 366450 383730 1650472 2728997
223	444 370614 392930 1625886 2760236
224	518 319856 385398 1639564 2539561
225	518 379320 426778 1492435 2446496
226	444 369722 462218 1536110 2476964
227	444 329438 390824 1628498 2433000
228	518 349530 385072 1655653 2509137
229	518 360562 383198 1596556 2447520
230	444 315576 429026 1594242 2412039
231	518 328360 393410 1558971 2440875
232	444 364046 489086 1544506 2483215
233	518 348514 401248 1550160 2440214
234	518 352412 376318 1485230 2445529
235	444 377934 446888 1534348 2406336
236	518 363868 434026 1614162 2481401
237	444 321742 366286 1627742 2417709
238	634 368260 428150 1526226 2438744
239	370 362018 417918 1554148 2422477
240	444 334772 379082 1569867 2442310
241	444 352358 401762 1617758 2443621
242	518 371334 382372 1499694 2431802
243	592 298790 401750 1548242 2371057
244	444 367660 468392 1587573 2482027
245	518 367398 418714 1569782 2480779
246	518 338090 432222 1559478 2322150
247	444 360152 390976 1568339 2447258
248	444 354248 379618 1575350 2375977
249	518 367610 458482 1601538 2424267
250	592 384554 441490 1592199 2421239
251	444 314098 371466 1537522 2440354
252	518 369708 444010 1516877 2416214
253	518 315102 436800 1542182 2403088
254	518 371320 484430 1583821 2442282
255	518 349258 375296 1614773 2410690
256	444 368810 395040 1588644 2438590
257	444 298404 394964 1571682 2431009
258	518 369636 492522 1594386 2506932
259	518 314216 438946 1494734 2448986
260	444 334514 446256 1572048 2455206
261	518 364334 397162 1631110 2457832
262	444 362212 399312 1598336 2387932
263	592 299110 373622 1613048 2470445
264	412 376684 464756 1585844 2422373
265	444 366930 395362 1555806 2416542
266	592 304924 475690 1567481 2523013
267	444 353392 380780 1557788 2442234
268	444 344438 399970 1518184 2412079
269	518 364316 442916 1572788 2446511
270	444 335958 441852 1563130 2446829
271	444 366816 455434 1601110 2474123
272	518 364462 403624 1630302 2405671
273	444 356212 398766 1622934 2357931
274	518 306712 388334 1602649 2468009
275	444 354176 470184 1500604 2398923
276	444 304992 443590 1560390 2442953
277	592 350672 425490 1617119 2484644
278	592 315300 410276 1642749 2442393
279	444 368098 475564 1560128 2447984
280	518 334516 371922 1539928 2427956
281	444 359876 455208 1565054 2424139
282	444 372772 426120 1608972 2458198
283	518 337452 423612 1609891 2410779
284	518 367586 449192 1551658 2468140
285	518 370616 411906 1577854 2386630
286	518 355740 409426 1552808 2408906
287	518 318578 363274 1573242 2461313
288	486 368134 402860 1622653 2390855
289	444 371106 464254 1604262 2371832
290	518 304544 421120 1561242 2396349
291	518 384992 444134 1533317 2445269
292	444 350358 405540 1574788 2479466
293	518 362738 380832 1574434 2407345
294	444 368424 393688 1598305 2454830
295	444 370566 424102 1533126 2414452
296	518 379486 426534 1566688 2358976
297	518 337700 371034 1551749 2402884
298	444 360816 446500 1556758 2392346
299	560 311130 450482 1625379 2501052
300	518 382424 420306 1610172 2469665
301	444 357630 402212 1609897 2448830
302	592 354284 376992 1558654 2406971
303	518 335404 390172 1619145 2437177
304	444 372160 447400 1572364 2546361
305	518 331998 430366 1620340 2465741
306	444 303458 418818 1519252 2431017
307	518 369612 409892 1595491 2449618
308	518 301982 385894 1594038 2435248
309	518 349630 465522 1554402 2452173
310	444 338014 431180 1554406 2442109
311	518 339374 427800 1565390 2391931
312	518 371202 434462 1557808 2472729
313	518 374820 390038 1551904 2424689
314	444 329314 380068 1540662 2441888
315	518 358110 466856 1626598 2450076
316	444 369502 435748 1555765 2376074
317	444 336046 443886 1572698 2468390
318	444 319932 384994 1572569 2346907
319	592 385752 396580 1622162 2510617
320	518 363370 393318 1608528 2379877
321	518 375996 438232 1594304 2487937
322	444 370898 440286 1591271 2406812
323	518 304478 407394 1582388 2452646
324	518 361584 390436 1540140 2413130
325	444 369828 485942 1606873 2440764
326	518 317406 441664 1634752 2411687
327	518 352100 501582 1624190 2483461
328	518 371536 442924 1645640 2431351
329	518 371648 465836 1580751 2355566
330	444 365538 442986 1604842 2519909
331	592 425616 496808 1575913 2429594
332	444 407072 439956 1565190 2465659
333	560 369568 441822 1571600 2465052
334	444 439342 493166 1503690 2429397
335	444 365034 482406 1560054 2372328
336	444 412250 462464 1576140 2400304
337	444 372830 440576 1567072 2673163
338	560 366194 480380 1572018 2647622
339	518 318512 453478 1572446 2763243
340	518 419872 541810 1498378 2704095
341	518 433510 453672 1521294 2723815
342	518 380984 451552 1718068 2770419
343	518 417174 498030 1679516 2754501
344	444 413476 445284 1688414 2791701
345	518 431976 442696 1759230 2608580
346	592 405470 454696 1745664 2800994
347	444 373664 431348 1684612 2614769
348	518 375054 456170 1832537 2593227
349	518 339880 442956 1756196 2638449
350	444 364410 374254 1680106 2791365
351	518 373948 474416 1763034 2791496
352	518 322674 478188 1684894 2749144
353	518 361278 469482 1551808 2753920
354	518 373506 438270 1705207 2761061
355	444 378358 456872 1638847 2736837
356	518 381708 443208 1636081 2714742
357	444 405040 459560 1660449 2722946
358	518 386740 439560 1748199 2560217
359	518 359654 422592 1744788 2457376
360	444 372342 391394 1758378 2501295
361	444 369914 465142 1692208 2491160
362	518 297586 422452 1765178 2564848
363	444 354660 403844 1618918 2677824
364	518 346468 391716 1582980 2755666
365	444 367580 391596 1603351 2793448
366	518 362210 452008 1555884 2707107
367	444 374150 481068 1624622 2690158
368	486 425050 461904 1595695 2450865
369	518 378376 439174 1632535 2402504
370	518 383008 426776 1603830 2499544
371	518 360110 441284 1647788 2434315
372	444 351450 516504 1678863 2390330
373	518 346156 440228 1552672 2446847
374	518 391104 421620 1481852 2403756
375	592 366690 424614 1625360 2469079
376	444 367754 513328 1544682 2572652
377	444 401998 435052 1431896 2736237
378	518 375610 453226 1557208 2755737
379	518 383928 424344 1537906 2659316
380	518 420048 465096 1549688 2532861
381	444 389420 433304 1555068 2376744
382	592 418298 467562 1745550 2553131
383	592 419518 473678 1752052 2706257
384	444 378042 419722 1670510 2710469
385	518 366372 479598 1632156 2745811
386	518 348008 459316 1514640 2805881
387	444 362272 419848 1529348 2646380
388	486 351626 442552 1715346 2772222
389	592 370206 437234 1649882 2650180
390	518 340508 421354 1701998 2777306
391	518 324268 391680 1712748 2800017
392	518 352816 439126 1670309 2638065
393	518 370596 443498 1642859 2687585
394	518 315040 468806 1658644 2774353
395	444 365574 466984 1689222 2755902
396	444 351338 452074 1578667 2539756
397	518 381546 447076 1588023 2459556
398	444 411264 467972 1653432 2543073
399	444 384700 447192 1626620 2534271
400	518 387166 444422 1677915 2364936
401	518 365116 428658 1594160 2377429
402	444 376190 443312 1481494 2586227
403	560 375966 423066 1605352 2437699
404	518 360968 475374 1606960 2575157
405	518 352628 368236 1481402 2719697
406	444 353776 440038 1541593 2678707
407	518 378218 417476 1645705 2748056
408	518 352328 434434 1599823 2668992
409	444 365916 425918 1605662 2715027
410	592 365768 385376 1611442 2478115
411	518 301592 374662 1649691 2465044
412	518 349554 460998 1670282 2485512
413	444 366562 391968 1709359 2410153
414	518 368304 401188 1643172 2413680
415	518 371128 431134 1574120 2470083
416	444 313030 394594 1559158 2661151
417	518 328988 417624 1554816 2562014
418	518 355006 454880 1595930 2514145
419	444 367364 385572 1632774 2352932
420	518 371780 404828 1574000 2368423
421	592 303270 373924 1644472 2374738
422	444 365200 399716 1614137 2440901
423	444 349624 441512 1559176 2393335
424	592 336432 411806 1558260 2480205
425	370 370718 462574 1572672 2466303
426	518 365088 462596 1563322 2417917
427	444 364408 436114 1551572 2398522
428	444 410378 478904 1603145 2394556
429	518 415524 448808 1584889 2463286
430	518 367392 442292 1551470 2333797
431	518 385694 441940 1482628 2433025
432	444 355114 462854 1558252 2451413
433	444 371648 445964 1481704 2413582
434	518 378978 448428 1534724 2416132
435	592 370372 439884 1513162 2528372
436	444 399158 476328 1486708 2779927
437	444 386604 442412 1554424 2738295
438	560 352592 421900 1554918 2763747
439	518 362632 440364 1505558 2766376
440	444 300456 388424 1585341 2673843
441	518 360844 383348 1738174 2460150
442	518 369734 475304 1738138 2715270
443	560 303656 437690 1675527 2563500
444	518 372494 441390 1642393 2324609
445	444 359876 409252 1644191 2726478
446	518 308498 376178 1560934 2634382
447	444 356816 427912 1608003 2511746
448	592 365176 442738 1628002 2516319
449	518 367722 399652 1517870 2411956
450	518 296490 392616 1609100 2405691
451	444 373676 481164 1665175 2410812
452	518 370688 419408 1612344 2499461
453	518 328302 443450 1591420 2456281
454	518 373122 460584 1553426 2460756
455	518 348330 401010 1611336 2445890
456	518 290632 388164 1620792 2468913
457	444 302306 388306 1619930 2431967
458	518 367488 441578 1520316 2435981
459	518 346666 477868 1608599 2433426
460	518 303474 442572 1617539 2429203
461	444 367500 399962 1506570 2486897
462	518 367226 395052 1572912 2428061
463	444 348806 386212 1552878 2380511
464	444 353386 448748 1540966 2475154
465	518 361036 441548 1566928 2412638
466	518 331738 375722 1580676 2420063
467	444 359482 394400 1563842 2413474
468	518 374166 466576 1576811 2416723
469	518 351094 430760 1634724 2481868
470	444 296936 418658 1658039 2423034
471	444 365372 388158 1619560 2475344
472	560 372780 478512 1668109 2416081
473	592 317022 425236 1579692 2395795
474	444 366274 397780 1619585 2487151
475	444 331198 400998 1678172 2474960
476	518 367218 431078 1634438 2451972
477	518 320246 462160 1624028 2409587
478	518 339976 420998 1551422 2479511
479	444 370732 412328 1557052 2472930
480	518 367318 371134 1565926 2445172
481	444 353806 432542 1538084 2537140
482	518 368234 441522 1555984 2428391
483	518 369348 405720 1552756 2489742
484	518 365954 421626 1560638 2392111
485	444 370992 420812 1618523 2500276
486	444 350526 424108 1633834 2419761
487	518 364578 387620 1570575 2480888
488	518 367258 402382 1563721 2432932
489	518 316138 386782 1640834 2447599
490	518 365040 405348 1557682 2531866
491	444 368552 437132 1577884 2419308
492	518 365864 432552 1556978 2456492
493	560 294742 391662 1555258 2509289
494	518 340704 395498 1618887 2445306
495	518 376004 463576 1557302 2374191
496	518 312736 439006 1555970 2427158
497	444 386150 425690 1572084 2490004
498	444 322912 371264 1620598 2363468
499	518 368252 466354 1554270 2430167
500	444 363112 435300 1495716 2426392
501	444 237398 426680 1546118 2457785
502	518 287196 372614 1481782 2430599
503	444 302942 364076 1563466 2503584
504	518 315466 324768 1570960 2416446
505	518 294386 346008 1476926 2490568
506	444 314896 447400 1549590 2462224
507	412 313924 466930 1459795 2450826
508	592 313888 448814 1310960 2429487
509	444 372088 471084 1262664 2427456
510	444 366874 432684 1365119 2395274
511	444 380620 442824 1451782 2234115
512	518 373692 452302 1459051 1910351
513	518 370554 442240 1499442 1900025
514	518 311738 388578 1559140 1973356
515	518 368474 439314 1570082 2161875
516	518 354442 424302 1532000 2232883
517	518 361582 454252 1620956 2586909
518	518 396432 484528 1511881 2756331
519	592 375112 469328 1653746 2698698
520	370 366446 491532 1571739 2696792
521	518 373436 418532 1521236 2484241
522	444 367442 488430 1607022 2460528
523	444 362778 435654 1772237 2497839
524	518 433452 461438 1684736 2300360
525	444 411718 464134 1745766 2469710
526	518 336980 446758 1584748 2484809
527	518 369428 454772 1574776 2661449
528	592 374688 420294 1631018 2766097
529	444 313178 440066 1508922 2758573
530	518 367844 494340 1501114 2645175
531	444 346066 474730 1613102 2477906
532	592 383840 470824 1679530 2717076
533	518 379388 457024 1707916 2684643
534	444 371766 450888 1671928 2731778
535	518 421148 463604 1599094 2678276
536	518 368190 442816 1562938 2556664
537	370 395652 445712 1706760 2561239
538	518 421730 490076 1686106 2508576
539	518 425202 473942 1751026 2396708
540	444 353250 447860 1693286 2542676
541	518 404878 440500 1634742 2760939
542	486 390700 447858 1618698 2692913
543	518 380230 443350 1628986 2727808
544	518 367904 445034 1560072 2684331
545	592 370224 389188 1548500 2662856
546	518 371082 458986 1734792 2796375
547	486 370866 435158 1637443 2717009
548	518 363888 394090 1613214 2690126
549	518 346662 402330 1609334 2701235
550	444 346854 431824 1635098 2610487
551	518 350782 452020 1703880 2454057
552	518 364184 411878 1635327 2418473
553	444 367400 429992 1568723 2355381
554	518 365004 392898 1686219 2449612
555	518 350222 525180 1638368 2599372
556	592 417596 458544 1606582 2449550
557	444 315234 421740 1576897 2406074
558	518 419758 511404 1628190 2472275
559	444 401444 492156 1570722 2492336
560	518 337870 424536 1622686 2410340
561	444 362062 439394 1568112 2511155
562	518 407042 449674 1493772 2435713
563	518 375280 467072 1607756 2482701
564	444 369388 389800 1556668 2685978
565	444 384756 451358 1483320 2669647
566	518 362544 478256 1611628 2865265
567	518 365162 432682 1546840 2753541
568	560 396642 466418 1559272 2701929
569	444 401640 484866 1681570 2749896
570	518 394728 473422 1610402 2508350
571	444 399114 491386 1738520 2455065
572	518 421768 498418 1740618 2499529
573	444 341070 493592 1744134 2550271
574	560 352846 491510 1660914 2417826
575	444 359418 498368 1633660 2658800
576	444 419182 457322 1553524 2699539
577	518 384300 419472 1561270 2731752
578	444 384998 434892 1609556 2762781
579	518 388796 439080 1527282 2737827
580	444 355174 420114 1607034 2806850
581	518 363650 397608 1719778 2790679
582	518 364500 445356 1718874 2752275
583	518 422624 438378 1655144 2719101
584	518 372318 452776 1773348 2658906
585	518 341208 433882 1635944 2812992
586	518 386582 515050 1638305 2721307
587	518 392170 510024 1633576 2777708
588	518 384482 447170 1714507 2648886
589	444 365288 426660 1655490 2453014
590	592 371366 446954 1731222 2456632
591	444 413992 474950 1717630 2446945
592	518 391592 501950 1741586 2569341
593	518 354876 493552 1648120 2693107
594	444 369850 430512 1602576 2726721
595	560 413186 461372 1476278 2723435
596	444 393760 431990 1547856 2809745
597	518 361368 425898 1604074 2682597
598	444 367704 413258 1732080 2672314
599	592 366104 456392 1670442 2766574
600	486 339222 422706 1736274 2749936
601	444 371148 425486 1670714 2783313
602	518 365608 463408 1611491 2732925
603	444 370950 426474 1648288 2693933
604	518 370240 465200 1610960 2784611
605	518 447380 492842 1638294 2507276
606	518 373506 417282 1644272 2413636
607	518 423270 465456 1634746 2470183
608	444 374048 425088 1739572 2469358
609	444 376928 424100 1754554 2451574
610	518 373640 462652 1617488 2415935
611	518 369504 429148 1482058 2446369
612	444 377134 429254 1538738 2630302
613	592 361784 378104 1572176 2734469
614	444 365050 478112 1549774 2784333
615	518 306766 422782 1563388 2653164
616	518 313094 384032 1537154 2754976
617	518 368306 512740 1625512 2677892
618	518 354502 438566 1613572 2488625
619	518 425464 465328 1693677 2384235
620	518 375072 456934 1628745 2466629
621	518 377930 465096 1663084 2557918
622	560 373056 441148 1612230 2365067
623	444 386222 456104 1535456 2538288
624	518 378696 484200 1521512 2441679
625	444 426710 475556 1608194 2493166
626	518 415532 448774 1555374 2415368
627	560 393144 441844 1552576 2635698
628	518 409826 437610 1553066 2714189
629	518 386098 436844 1555302 2685747
630	444 378820 439616 1550580 2729058
631	592 365206 450300 1552042 2710638
632	444 379028 499372 1683210 2709697
633	518 372508 439956 1685598 2722814
634	444 366892 454138 1687330 2753551
635	444 372940 438126 1669517 2777062
636	444 411606 495842 1632496 2736839
637	444 371210 447414 1613938 2765600
638	518 438910 448926 1609598 2665608
639	518 380708 426884 1744272 2448976
640	444 377774 456108 1758058 2448435
641	518 418290 473192 1756870 2416182
642	518 393848 445840 1731788 2413799
643	444 373880 444324 1687154 2671101
644	592 421800 469914 1572926 2774802
645	518 365536 459866 1491534 2781448
646	444 374386 492406 1563806 2689524
647	518 368292 466732 1543232 2679348
648	518 385858 456810 1690296 2628004
649	560 368752 440430 1731604 2467056
650	518 419898 459324 1768020 2635112
651	444 396138 441752 1676158 2769534
652	592 353996 421658 1743908 2660160
653	518 338150 370248 1690630 2725626
654	560 369136 408542 1500768 2735079
655	518 333162 371656 1686648 2775190
656	444 351818 439644 1735148 2743792
657	518 372800 441420 1659575 2752612
658	592 354058 389090 1620061 2702979
659	518 325358 434960 1582423 2800345
660	370 410832 490588 1618188 2573076
661	444 362968 478314 1592510 2459442
662	518 371586 419150 1612359 2425526
663	518 380232 430024 1641485 2372845
664	518 374136 413030 1742232 2425425
665	444 363320 367922 1546424 2434502
666	444 337730 380138 1483414 2418523
667	444 367794 437730 1555778 2407596
668	518 350742 416636 1550458 2650804
669	444 335580 445260 1484280 2318820
670	592 347924 450856 1510132 2452282
671	518 371516 442668 1566402 2761185
672	444 365930 421390 1492978 2506984
673	518 332514 385738 1623771 2354544
674	518 368592 455726 1504494 2456713
675	518 373856 484590 1554096 2364275
676	486 360484 428366 1736468 2407278
677	518 368330 385824 1556328 2486254
678	592 369778 393256 1499918 2335557
679	518 368720 438602 1537990 2462075
680	518 359662 428428 1490345 2759330
681	486 367566 443090 1508258 2520141
682	518 349410 437136 1551488 2435089
683	518 373934 451922 1515174 2350922
684	444 328286 403560 1538696 2499989
685	444 373242 386984 1584103 2467778
686	518 346604 386654 1629818 2424847
687	444 369046 381546 1556188 2478454
688	518 384742 446590 1521848 2396605
689	444 346432 401378 1555938 2374849
690	518 329256 450906 1552818 2639161
691	444 354768 384610 1556082 2513837
692	518 371958 407994 1515298 2429977
693	518 315568 373368 1546712 2465402
694	518 377770 427008 1570976 2428211
695	444 366398 444250 1620312 2433425
696	444 330858 386494 1588348 2389628
697	518 368072 399520 1509456 2501788
698	518 349130 391778 1553516 2318219
699	518 368242 443718 1562308 2455143
700	518 336822 374910 1577180 2432664
701	444 363364 459304 1489300 2394666
702	444 323524 467160 1570147 2431536
703	560 366348 384800 1578651 2479011
704	518 296234 407716 1602552 2517848
705	518 304734 439954 1527853 2390812
706	444 365000 400288 1564034 2438196
707	518 374922 477100 1510233 2366032
708	560 352094 425362 1563550 2432623
709	518 322232 379234 1633394 2495507
710	518 386718 396002 1565064 2308730
711	518 367896 411750 1561140 2354268
712	518 305056 454794 1541379 2462062
713	518 350384 380334 1561661 2447832
714	518 338832 407142 1557880 2423637
715	518 375572 438816 1531946 2480324
716	444 309154 397570 1508410 2385400
717	592 359844 442526 1576036 2467412
718	444 354388 439352 1542918 2282987
719	518 297444 383704 1580292 2423100
720	592 369856 388488 1552290 2437545
721	444 347654 408968 1503200 2361931
722	518 368192 463594 1559918 2449249
723	444 297096 368356 1529977 2455031
724	518 372692 482656 1571974 2391850
725	518 339494 443354 1515350 2386104
726	518 333690 394928 1510461 2405926
727	518 362708 410466 1561078 2438937
728	518 365692 420012 1556210 2440746
729	486 348624 372668 1563534 2266920
730	444 320110 452590 1498718 2463761
731	444 369596 465328 1499674 2350954
732	518 347392 446936 1568440 2431113
733	518 373616 436904 1563884 2495039
734	518 334656 440514 1431740 2503431
735	560 365002 405642 1552002 2470958
736	518 371454 436978 1493454 2405635
737	444 362312 445876 1568370 2447465
738	518 366528 430376 1569256 2364259
739	444 401762 433888 1556046 2374180
740	518 389428 492306 1552100 2434993
741	444 368918 450972 1564584 2593946
742	518 371448 467618 1505826 2694402
743	518 403098 447480 1487260 2449520
744	518 417698 441710 1574034 2441805
745	518 419068 478314 1480664 2440078
746	592 381310 433318 1682700 2416011
747	444 402272 472776 1685522 2722113
748	518 425588 477558 1556284 2768188
749	518 421708 502638 1573870 2690770
750	444 396600 465092 1557628 2727290
751	592 397794 430500 1480204 2801501
752	518 417966 476712 1751308 2692420
753	518 398550 456112 1667392 2734378
754	518 358816 444920 1728468 2776667
755	518 386910 440598 1739990 2711955
756	486 356002 365578 1737512 2720245
757	592 370946 428574 1673732 2772128
758	518 369500 522596 1726438 2736916
759	444 353178 392614 1754970 2770449
760	518 348054 391398 1707453 2741490
761	560 366862 382674 1574740 2681513
762	444 373120 451430 1642379 2727815
763	518 299216 416666 1642911 2705722
764	444 371196 422770 1625455 2559966
765	444 351438 465590 1620706 2359147
766	518 303800 370584 1652321 2464178
767	518 353432 386014 1610634 2460673
768	518 368864 464816 1648785 2434413
769	444 369314 480576 1551600 2430996
770	518 362452 422126 1486850 2475490
771	444 397604 437758 1537518 2413368
772	444 369758 425546 1546242 2472507
773	518 364170 423050 1483674 2325454
774	444 368302 384482 1544276 2434103
775	592 377742 419402 1550856 2456280
776	518 301284 371016 1551464 2446974
777	518 364948 438064 1552842 2432205
778	518 366950 429608 1465010 2607015
779	444 373048 461234 1477544 2737963
780	518 355300 453606 1547230 2775421
781	370 337044 438834 1550974 2626130
782	518 350302 455102 1489216 2424883
783	486 369098 443228 1662519 2544953
784	518 383904 462458 1583333 2406033
785	444 392736 460784 1741374 2424165
786	518 305426 422338 1663438 2383721
787	518 369728 468838 1539862 2492418
788	486 352848 435054 1547216 2424621
789	444 361274 438130 1550440 2599464
790	518 370438 444924 1517566 2762303
791	444 356172 426774 1549166 2563071
792	518 366058 385204 1553672 2600590
793	518 369860 438192 1483312 2748651
794	518 364320 389512 1643580 2683605
795	518 341144 424284 1662051 2470807
796	518 350454 492522 1581880 2541043
797	444 348510 438206 1602816 2648818
798	518 340884 429236 1604865 2408752
799	518 361702 382122 1605739 2490745
800	444 315924 392864 1614420 2421489
801	518 351890 433510 1558766 2458763
802	444 335788 502312 1654326 2406081
803	518 367694 421590 1507294 2404203
804	518 360846 441260 1608096 2450429
805	370 333170 434890 1485422 2446868
806	592 372536 448490 1593472 2427274
807	518 318374 408018 1491976 2485980
808	518 370180 460394 1547620 2447569
809	444 370946 450340 1502394 2438303
810	560 306138 440648 1552196 2433769
811	518 348310 465330 1489588 2478570
812	518 375076 458792 1615410 2416013
813	444 398638 465000 1524930 2467281
814	518 421204 461346 1543682 2485943
815	560 397402 456790 1554644 2427674
816	444 371642 486098 1545800 2420558
817	518 342464 432304 1566480 2640390
818	444 408170 443658 1548154 2661074
819	444 357426 447264 1560016 2696523
820	592 375062 428784 1542880 2513292
821	444 366884 444728 1506852 2502888
822	444 347348 441576 1605306 2704380
823	518 376768 458628 1735034 2725771
824	518 369942 476568 1549314 2729912
825	444 430244 461224 1624678 2687422
826	518 426892 453734 1549680 2759043
827	444 387946 441478 1658018 2687852
828	518 381796 453664 1640209 2308224
829	518 365506 444430 1704438 2486268
830	592 363102 397982 1743282 2474007
831	518 370310 437764 1684758 2489352
832	444 369340 441370 1761932 2455991
833	518 296236 364920 1437920 2702805
834	518 368254 389008 1539252 2811526
835	518 387954 481068 1615052 2669956
836	444 298978 424524 1562256 2681835
837	486 352290 407460 1548290 2770345
838	518 371970 405540 1608166 2464125
839	592 352592 388288 1641689 2571870
840	518 374480 382340 1633092 2494835
841	444 323808 419940 1619430 2409577
842	518 297806 423566 1617433 2462808
843	592 334106 432218 1561778 2409084
844	518 373708 459658 1608286 2445010
845	518 366464 406986 1553010 2427813
846	444 350650 441330 1561900 2421775
847	444 368448 439024 1547084 2431708
848	518 420730 478382 1543320 2425515
849	518 387748 438056 1545210 2489636
850	592 381170 440666 1575190 2407963
851	444 370646 451874 1492844 2345649
852	444 371338 482866 1549378 2388786
853	444 398220 446310 1569176 2422657
854	518 383236 443170 1548092 2419345
855	518 386288 424978 1491706 2449768
856	444 368280 429922 1476980 2714647
857	518 369400 481068 1508342 2671896
858	518 367432 448600 1557030 2833598
859	518 358096 390438 1565573 2683514
860	518 352138 386526 1613703 2630735
861	602 373220 407844 1610226 2731044
862	518 363448 392100 1626337 2706257
863	518 372344 434604 1630961 2729302
864	518 363808 432542 1631048 2472936
865	518 371664 407250 1629423 2357115
866	518 300884 370618 1617178 2435692
867	444 372960 480854 1592072 2498624
868	444 310238 441674 1669502 2443583
869	518 358444 460010 1560242 2442811
870	518 372436 441982 1554962 2371062
871	444 369566 390548 1550498 2438191
872	444 299114 380904 1493668 2447298
873	518 367368 472696 1556332 2494041
874	518 369966 461806 1555070 2401306
875	518 336308 424030 1496006 2394849
876	592 365492 450278 1555184 2407853
877	444 332510 464618 1560860 2628142
878	444 371418 450026 1577888 2603293
879	444 364958 449510 1504815 2385431
880	518 375954 436158 1569332 2444685
881	444 390806 464372 1512308 2521840
882	518 428174 452708 1665284 2450220
883	444 339552 448480 1636126 2495729
884	592 383908 442858 1562502 2466032
885	560 369948 407994 1550354 2503006
886	518 370378 449400 1564828 2447015
887	444 356268 441924 1575872 2488804
888	518 325086 402412 1554738 2550043
889	518 353742 383024 1575264 2763216
890	518 368522 449700 1563066 2665435
891	518 350492 477414 1604944 2739231
892	518 403184 509310 1555730 2658302
893	518 417432 451278 1608012 2475492
894	444 370406 461030 1650409 2462180
895	518 364068 468264 1653791 2485272
896	444 370270 445434 1654633 2412238
897	518 384556 429520 1706178 2458948
898	518 372492 441080 1613354 2445194
899	444 369592 422852 1551186 2476339
900	592 365426 440176 1515506 2479116
901	444 371566 382508 1564937 2617311
902	518 374356 397024 1625116 2840323
903	518 373238 396622 1510398 2705849
904	518 368078 417802 1560940 2667335
905	444 386080 424730 1611851 2740985
906	486 367638 420648 1649827 2470752
907	444 297768 396672 1581616 2385666
908	444 362498 384928 1630307 2385183
909	444 373010 455592 1645231 2464546
910	444 340900 421906 1630745 2425116
911	518 373118 388264 1600420 2422168
912	560 359912 417506 1588149 2354463
913	444 307740 398412 1583825 2466448
914	518 324148 470934 1642571 2443358
915	444 367798 441536 1622477 2511851
916	518 368722 390478 1458154 2434201
917	444 368094 387640 1579154 2396481
918	592 372390 411932 1553346 2465133
919	370 364278 455340 1564738 2429194
920	592 346104 463166 1557224 2487694
921	444 370898 431786 1578606 2454020
922	518 417236 476398 1488546 2376812
923	518 421736 440362 1621920 2517381
924	518 378514 441658 1504622 2400375
925	518 414278 472686 1561030 2515489
926	444 389002 456122 1548432 2404645
927	518 385130 452846 1502892 2512690
928	444 441324 485668 1567040 2354776
929	518 397290 499380 1562164 2532184
930	444 360638 472054 1611030 2751704
931	518 426012 460138 1497976 2707753
932	518 388466 423582 1615790 2739790
933	592 419154 455914 1494496 2738357
934	444 390240 429314 1607956 2686103
935	560 414186 488292 1619302 2651944
936	370 420408 447908 1745184 2822283
937	518 389862 449706 1742724 2806494
938	444 383696 439436 1741732 2467063
939	518 351034 489124 1681796 2547554
940	518 371658 416082 1775874 2753061
941	518 379254 437530 1731080 2837210
942	518 363190 480228 1760718 2714677
943	518 366754 466542 1608904 2674118
944	444 327410 420700 1580736 2671082
945	592 303928 379716 1653215 2594658
946	444 366302 510194 1616021 2789781
947	444 352344 396954 1649965 2670401
948	444 359836 381356 1591992 2393286
949	518 364314 376050 1643773 2427192
950	518 348350 442614 1629110 2419575
951	518 325580 424954 1591819 2473931
952	634 320834 425466 1611536 2481392
953	518 350808 371972 1531764 2466654
954	518 366924 415652 1543280 2449296
955	518 369624 421668 1594005 2388081
956	518 325804 435662 1539546 2433685
957	518 367532 424160 1599024 2390511
958	518 360188 394470 1529002 2456789
959	560 357800 397026 1557038 2451474
960	518 351276 446656 1513750 2514141
961	518 370180 533940 1500320 2433814
962	444 380902 465584 1566190 2363063
963	518 369156 423172 1543138 2383878
964	518 357280 425750 1551918 2465589
965	518 372970 445000 1555806 2431896
966	518 366944 393682 1551162 2458187
967	444 350856 421868 1486410 2353834
968	518 365436 447792 1446016 2488487
969	518 296380 392580 1588384 2443245
970	444 368640 406212 1549342 2701786
971	518 296862 380286 1574495 2739289
972	518 369710 468012 1556978 2739910
973	444 362766 445984 1568939 2745593
974	518 360006 391328 1608417 2442528
975	444 300448 436752 1639660 2360431
976	444 301768 454502 1663786 2466065
977	592 297706 434332 1657778 2470760
978	444 369152 424602 1655729 2410301
979	518 318682 432684 1593994 2429470
980	518 372240 441454 1535784 2497491
981	518 368820 469862 1595438 2429780
982	444 365036 465448 1600345 2481324
983	560 423484 467434 1541319 2428989
984	518 381836 442232 1539583 2450827
985	370 380908 476788 1593880 2444003
986	518 403880 475816 1493756 2399934
987	518 365098 427224 1559676 2444141
988	518 384548 445106 1604794 2411258
989	518 343850 476906 1498242 2412700
990	444 317930 435930 1538786 2536404
991	518 383714 445198 1566576 2704185
992	518 350882 395234 1475652 2734252
993	518 364454 439020 1557070 2725190
994	444 364284 449982 1489540 2755385
995	518 354516 404260 1607264 2788525
996	518 309474 397432 1564764 2750345
997	444 370636 462780 1739534 2551824
998	486 298436 443076 1633919 2566312
999	444 353576 494880 1650142 2514930
1000	518 345698 380462 1642734 2396745
1001	592 375232 406432 1642227 2587589
1002	444 361646 390290 1617702 2446971
1003	518 373810 441774 1615462 2472041
1004	518 365310 423052 1565975 2461994
1005	518 320308 374202 1512721 2465037
1006	444 370754 422014 1606146 2484569
1007	486 362982 400226 1571639 2419364
1008	592 365408 456318 1606055 2395772
1009	444 296592 439306 1561926 2385734
1010	518 352164 437456 1553746 2470062
1011	518 366906 442840 1573030 2453111
1012	518 373608 447082 1592721 2491382
1013	518 419182 469862 1607358 2430199
1014	518 353890 431972 1642846 2459505
1015	444 383334 447326 1627244 2418090
1016	518 340574 450700 1480912 2411247
1017	444 361526 387670 1620600 2455900
1018	518 372424 460174 1492692 2465414
1019	444 378312 457898 1549450 2463329
1020	518 410968 466418 1580430 2520073
1021	518 440108 449254 1489004 2617223
1022	592 373928 444304 1564898 2769208
1023	518 430636 494376 1559154 2758887
1024	592 411354 420566 1557394 2673165
1025	444 422358 458738 1600746 2479639
1026	518 423648 462460 1614104 2460517
1027	518 356712 439096 1763224 2630585
1028	518 305612 397598 1733278 2737460
1029	444 370496 495324 1751092 2694385
1030	444 383978 448502 1493338 2692675
1031	560 378864 471728 1545928 2811118
1032	518 368908 452136 1685656 2749235
1033	444 377810 435954 1627272 2756850
1034	518 366182 453292 1679822 2757192
1035	518 321416 406686 1732592 2726808
1036	518 364694 457222 1740330 2646298
1037	518 348550 491056 1757476 2389236
1038	518 436768 466930 1813336 2594032
1039	518 419866 458090 1671760 2769152
1040	592 386922 451904 1672095 2634632
1041	518 421502 444182 1599558 2657561
1042	518 421402 463784 1560796 2743627
1043	444 415202 439914 1622316 2484029
1044	486 442132 514668 1748038 2454135
1045	518 394338 426630 1666614 2455503
1046	444 417514 445070 1760374 2680347
1047	518 398622 444654 1699388 2676308
1048	518 365364 412774 1551216 2714389
1049	370 321172 435994 1559638 2786713
1050	518 384792 435938 1559272 2768734
1051	592 368390 438172 1680324 2746495
1052	370 380110 462106 1645678 2767277
1053	518 373754 429542 1705064 2694659
1054	518 396658 454374 1758622 2751816
1055	486 342706 446202 1646680 2744232
1056	518 384292 423744 1633651 2412012
1057	518 394406 478384 1600444 2554679
1058	444 365488 444086 1661223 2695619
1059	518 372650 449836 1678718 2468484
1060	518 372528 433874 1738320 2504850
1061	444 348100 430438 1681975 2396417
1062	444 372204 432076 1618193 2434924
1063	518 383652 439728 1642386 2754151
1064	518 374606 402988 1609628 2729765
1065	444 368154 418538 1606571 2574712
1066	518 381236 429832 1631380 2482693
1067	518 388868 444736 1649652 2403715
1068	444 373766 431234 1665417 2465130
1069	518 367458 470024 1635260 2352263
1070	444 369794 444776 1660013 2473546
1071	444 373326 476370 1676903 2478349
1072	518 380918 449510 1605154 2382289
1073	518 424638 451112 1603176 2450591
1074	518 376886 441674 1649771 2485514
1075	518 408992 464372 1546794 2516072
1076	518 424810 450278 1504900 2472194
1077	370 364038 458384 1546364 2451618
1078	592 436040 466988 1554002 2423675
1079	486 385620 457336 1562628 2441285
1080	518 367036 465670 1549338 2740917
1081	518 430378 453544 1621976 2712857
1082	444 381174 440010 1506468 2723911
1083	592 326472 482092 1565958 2798775
1084	444 383012 441488 1565934 2705613
1085	518 377662 437094 1697980 2683528
1086	444 368636 447918 1760566 2646988
1087	518 371788 432066 1691032 2744192
1088	518 367190 391038 1811006 2689488
1089	518 371202 448932 1709162 2797416
1090	560 391868 473490 1649679 2695129
1091	518 418468 450472 1606740 2737256
1092	592 417620 457260 1582358 2741074
1093	518 390774 449136 1737002 2762672
1094	444 386654 422800 1750924 2472732
1095	444 418496 484548 1739942 2442530
1096	518 407590 476700 1674798 2318335
1097	444 377862 447144 1759986 2620029
1098	592 417622 448870 1752804 2720350
1099	444 386596 439756 1558360 2707543
1100	518 425670 496168 1571866 2645678
1101	518 403718 436936 1498418 2721572
1102	518 359662 443682 1628282 2762197
1103	560 428574 482348 1688380 2741428
1104	518 383202 442502 1753432 2714188
1105	444 364188 433490 1678518 2697340
1106	444 371074 446226 1687138 2730580
1107	444 391166 442038 1729058 2759951
1108	444 323034 439474 1731962 2737669
1109	444 362872 451558 1741408 2714163
1110	592 370510 433934 1677319 2713741
1111	518 352398 420676 1682894 2804849
1112	592 382376 433728 1750670 2672857
1113	518 368432 455604 1707446 2737483
1114	518 351224 450542 1617398 2460891
1115	518 361442 432802 1642740 2538844
1116	444 420142 461852 1649076 2823463
1117	518 428130 461352 1681834 2561593
1118	518 420634 464950 1654898 2421014
1119	444 402194 450120 1627244 2419626
1120	444 379958 456554 1553476 2526948
1121	518 441444 496384 1819411 2630262
1122	518 367144 497060 1602966 2483915
1123	592 409916 471340 1557512 2503412
1124	444 428226 499740 1491764 2784303
1125	592 423952 444440 1628884 2729620
1126	444 376426 433136 1604774 2647514
1127	518 416304 456934 1633544 2635761
1128	370 407098 521338 1565210 2744505
1129	518 419448 452008 1752820 2698022
1130	444 396778 469862 1730522 2753567
1131	518 382000 433116 1681522 2622292
1132	518 387820 446164 1709230 2736996
1133	518 424970 461418 1747558 2758085
1134	592 382302 467120 1687684 2724582
1135	444 419822 432040 1757922 2778763
1136	486 401284 436294 1634086 2759672
1137	444 367574 443658 1747960 2724786
1138	518 364698 433880 1758502 2813832
1139	518 419636 452656 1739830 2757471
1140	518 353720 459918 1788449 2666850
1141	592 390118 438766 1735618 2725292
1142	518 420390 459444 1658018 2778084
1143	518 391302 420652 1596468 2736378
1144	486 365296 461172 1725936 2741702
1145	444 370816 497322 1741982 2733557
1146	444 383908 461352 1653100 2677279
1147	518 421548 542706 1728581 2392866
1148	444 383738 440602 1748262 2641930
1149	444 412646 427876 1662458 2775380
1150	518 366314 471090 1766477 2662289
1151	444 372056 433166 1683674 2592476
1152	518 412300 453476 1503754 2733622
1153	592 390768 449104 1666864 2664007
1154	444 442746 463718 1747302 2649638
1155	444 355896 467058 1567014 2664111
1156	518 369604 460332 1668005 2718982
1157	444 419316 457428 1721219 2813463
1158	592 371142 430594 1610076 2779847
1159	444 364588 440162 1668548 2349090
1160	518 371970 487926 1679814 2449504
1161	518 394604 489364 1733058 2580516
1162	518 401064 452348 1738554 2749625
1163	592 378916 455784 1727124 2739569
1164	444 389218 433586 1489168 2729992
1165	518 374994 424256 1549112 2720554
1166	444 389044 456578 1660332 2724375
1167	370 421208 491052 1737374 2593817
1168	444 354860 427086 1691252 2489848
1169	518 389988 474716 1747286 2367363
1170	518 313244 441354 1728873 2657002
1171	518 359416 395770 1680380 2736381
1172	370 351530 386782 1678492 2679970
1173	518 332062 367816 1567492 2729232
1174	444 373050 418374 1482072 2592437
1175	518 369062 451302 1638968 2743301
1176	486 326294 435996 1614063 2731245
1177	518 365516 421604 1645994 2628914
1178	518 371016 399478 1610124 2649660
1179	518 300464 372656 1673016 2504924
1180	518 353522 462894 1573132 2370324
1181	518 367754 423120 1628643 2467074
1182	444 342644 422918 1617763 2412904
1183	444 367630 409284 1662467 2417560
1184	444 361442 391712 1563939 2413755
1185	486 300832 409252 1555146 2384714
1186	444 351576 465192 1539196 2424055
1187	518 366622 442808 1478152 2492223
1188	518 318476 408616 1548738 2399798
1189	518 299686 480250 1573052 2457956
1190	444 367282 411308 1611492 2451494
1191	518 350670 392996 1548677 2467689
1192	444 303462 384704 1622518 2443012
1193	518 368352 465456 1551664 2419215
1194	444 369344 437626 1483392 2420633
1195	518 321558 441190 1575328 2423981
1196	444 363728 426078 1556322 2430630
1197	592 355166 376342 1581242 2480744
1198	370 362312 423658 1547113 2367233
1199	518 349908 432288 1553954 2383444
1200	518 349154 424400 1545626 2430360
1201	444 351808 416102 1561420 2444073
1202	444 356256 407716 1502062 2428669
1203	444 366200 455914 1592295 2469712
1204	518 301092 372172 1508730 2325634
1205	592 336338 402674 1566392 2480758
1206	444 369360 417874 1534628 2411060
1207	444 307802 374356 1489648 2463042
1208	518 368886 391708 1558754 2486124
1209	444 367386 475432 1547019 2351160
1210	444 305204 442524 1559010 2298032
1211	444 357982 404702 1506014 2362384
1212	518 371922 419814 1547070 2499705
1213	518 328034 380010 1580195 2387870
1214	518 331386 429088 1544670 2485825
1215	444 367454 420640 1473518 2410213
1216	560 335930 425392 1565788 2291348
1217	518 368056 408726 1580649 2393343
1218	444 366470 398414 1607903 2382471
1219	444 301986 395556 1553487 2514419
1220	518 369612 390052 1552234 2379504
1221	518 354612 411188 1494396 2485044
1222	518 356602 422804 1561950 2437084
1223	518 370132 442572 1499020 2432297
1224	518 374282 450662 1585146 2449545
1225	560 308834 474004 1590953 2520667
1226	444 367598 464880 1585286 2306159
1227	444 367876 459416 1504112 2432621
1228	518 370724 468002 1620408 2378726
1229	518 417134 467378 1671075 2470141
1230	444 342798 447334 1602813 2427933
1231	518 376740 484470 1439258 2417145
1232	518 334578 422488 1545650 2457046
1233	518 372914 449606 1487766 2687607
1234	444 373224 460334 1554810 2401758
1235	518 379756 424530 1567942 2507644
1236	518 380684 508526 1553642 2716428
1237	518 356360 369552 1565702 2764591
1238	518 382442 456922 1679536 2782567
1239	444 371136 471828 1434476 2722094
1240	518 426852 477100 1625898 2746317
1241	444 383528 438320 1734160 2344841
1242	518 378154 439694 1626236 2546352
1243	518 381994 454060 1644686 2519080
1244	518 424924 513778 1749356 2722800
1245	370 368838 443606 1751752 2741380
1246	518 367902 439348 1486704 2385665
1247	666 367168 458384 1562428 2462585
1248	444 425684 492402 1548570 2713280
1249	518 346952 446712 1767662 2758869
1250	444 388158 463214 1624490 2712191
1251	444 376396 492378 1559456 2730331
1252	518 424396 452656 1558506 2763117
1253	444 369662 428042 1685614 2781903
1254	518 363568 464660 1765030 2483361
1255	444 290550 427262 1741108 2501103
1256	486 367878 420048 1687498 2765621
1257	518 302562 407208 1732126 2775333
1258	592 366702 466860 1784178 2713756
1259	444 373612 455976 1658100 2715603
1260	518 379258 443496 1645475 2703278
1261	518 372696 433002 1616244 2594761
1262	518 438442 458284 1686524 2738488
1263	518 428624 459296 1640211 2523238
1264	444 408478 441292 1612303 2428958
1265	518 438898 461446 1730710 2422543
1266	486 424954 463560 1691318 2405358
1267	518 421654 465944 1685684 2457428
1268	518 431028 474880 1623806 2418686
1269	370 392220 440798 1506576 2600986
1270	518 396980 478248 1564640 2656432
1271	518 408596 490574 1568454 2766113
1272	518 368378 497042 1481506 2731343
1273	444 375134 475370 1592278 2653711
1274	518 407046 427204 1693106 2711281
1275	518 430508 443384 1633540 2781703
1276	444 430252 464362 1758362 2746683
1277	592 428778 446312 1765264 2718981
1278	518 422624 479532 1695428 2762526
1279	444 361276 456980 1705840 2752030
1280	518 433192 481386 1815692 2736011
1281	444 393640 451752 1702828 2662853
1282	518 314846 457322 1745352 2841804
1283	518 367098 475436 1791579 2718330
1284	444 359650 410548 1693256 2802087
1285	518 393764 465396 1757496 2664118
1286	518 369308 445640 1669708 2762767
1287	518 344228 424892 1769292 2687120
1288	370 302008 381870 1752395 2709823
1289	444 366442 447588 1736718 2682846
1290	518 367738 398760 1741992 2768671
1291	518 298996 406382 1718728 2756380
1292	518 349916 463598 1620331 2687281
1293	592 348594 468618 1660158 2663001
1294	518 309544 431578 1557925 2714054
1295	518 370072 440852 1586086 2579085
1296	486 367404 477034 1626247 2428431
1297	518 339594 476568 1620347 2489437
1298	444 381902 464402 1671128 2330009
1299	518 371392 392224 1748024 2379447
1300	370 368612 392422 1613814 2433667
1301	444 369656 392776 1548280 2428306
1302	518 413286 500870 1563078 2676859
1303	518 353164 376190 1566338 2657544
1304	444 364688 453598 1578287 2354227
1305	444 374334 438016 1502838 2503046
1306	518 369758 438162 1550680 2449987
1307	486 392266 464910 1654287 2462045
1308	518 378230 431414 1599331 2372990
1309	518 368138 418830 1484216 2531134
1310	444 369410 415780 1554174 2435748
1311	592 365374 437166 1580660 2470454
1312	444 372090 478238 1590720 2394497
1313	444 354988 424564 1496006 2474683
1314	518 363500 441898 1594179 2610104
1315	444 295852 444360 1583362 2723893
1316	518 327670 406692 1589392 2766813
1317	444 372294 390000 1647193 2725883
1318	518 375696 434466 1627260 2424095
1319	444 323388 461110 1602980 2450566
1320	444 365322 423596 1614475 2441193
1321	518 312442 369824 1597809 2469260
1322	518 367354 425488 1645610 2427335
1323	444 355430 438218 1560918 2419460
1324	444 360366 420056 1548212 2478003
1325	444 363774 447720 1585647 2334517
1326	518 320870 411604 1658609 2463632
1327	518 363176 385886 1556650 2479619
1328	444 318342 390986 1576770 2464768
1329	444 369540 450982 1557164 2362522
1330	518 357428 425282 1503890 2483864
1331	518 369484 375786 1561211 2462881
1332	444 351286 370552 1574826 2449355
1333	444 367498 421934 1604899 2497980
1334	518 365766 443944 1557817 2389358
1335	518 322222 370558 1543391 2395603
1336	486 370608 407152 1604108 2465998
1337	444 356110 436462 1499038 2463059
1338	444 343714 467310 1539006 2381308
1339	444 357408 423192 1583847 2496380
1340	518 366924 395566 1534529 2469081
1341	444 295802 371236 1533822 2452738
1342	592 331444 477544 1559714 2436200
1343	444 365132 421328 1543124 2392335
1344	444 369268 473236 1547916 2478513
1345	444 296306 363362 1557682 2428018
1346	444 373862 410766 1552504 2500889
1347	518 359976 376144 1485198 2466548
1348	412 332096 400610 1536990 2429915
1349	518 366606 440314 1551048 2441933
1350	370 337034 445666 1549626 2442970
1351	518 325858 445260 1551758 2442321
1352	518 365956 435508 1565445 2454047
1353	592 368178 456216 1607512 2280979
1354	518 366062 438742 1563768 2490939
1355	518 374498 454246 1623067 2491730
1356	518 322220 465058 1601875 2411857
1357	518 300968 420746 1552732 2423659
1358	518 363824 372700 1492236 2407894
1359	518 364778 405734 1605566 2377695
1360	444 365306 453958 1493262 2478494
1361	518 321260 439814 1536766 2450496
1362	444 362370 465320 1548226 2431363
1363	518 368676 465386 1564020 2634693
1364	444 378228 439152 1497164 2746495
1365	592 414072 469862 1607238 2762844
1366	444 385516 445282 1498980 2435628
1367	518 378632 421480 1480044 2491991
1368	518 369446 454890 1750894 2367530
1369	518 369088 457824 1739356 2382059
1370	518 365508 423632 1676464 2448582
1371	518 353394 409128 1536950 2484494
1372	444 367354 398172 1553166 2637904
1373	518 372386 474066 1552833 2770771
1374	444 339428 444624 1575967 2748447
1375	518 352554 386652 1551014 2687495
1376	560 365686 399074 1575428 2607883
1377	592 347274 440426 1611091 2438322
1378	444 365834 449708 1677651 2443992
1379	444 386848 458560 1662829 2521270
1380	444 316826 442950 1637817 2444170
1381	518 391724 475944 1668214 2349376
1382	518 368984 396072 1481906 2517278
1383	518 371764 424920 1535998 2489917
1384	444 367096 449046 1554060 2450433
1385	518 370112 479402 1550790 2499680
1386	518 338372 389940 1595076 2384286
1387	444 371282 385672 1544880 2639428
1388	518 367940 392290 1551685 2713716
1389	560 352018 435712 1551284 2820100
1390	444 365496 387120 1542542 2488305
1391	518 368106 459432 1548094 2461675
1392	518 321262 427464 1563123 2316070
1393	518 365428 447912 1648103 2530596
1394	518 364214 416870 1630826 2360759
1395	444 321572 385316 1623792 2419480
1396	518 365218 390118 1560520 2413499
1397	444 369646 455080 1434636 2410372
1398	518 335592 394568 1622796 2443099
1399	444 357662 428248 1503494 2446753
1400	444 368564 437032 1561398 2606257
1401	518 355300 436212 1501456 2447851
1402	518 355158 456904 1504494 2432677
1403	444 363038 397850 1609534 2516104
1404	518 319776 376228 1499844 2413949
1405	518 373692 432552 1634227 2396772
1406	444 371008 409554 1491310 2462703
1407	518 353828 425910 1571766 2419864
1408	518 340898 373496 1547964 2468976
1409	444 346002 390312 1606913 2448644
1410	518 373328 454784 1596568 2462119
1411	518 364872 417240 1559558 2494870
1412	518 361740 426678 1613095 2431254
1413	444 321510 417182 1566587 2425772
1414	518 370182 449130 1556538 2351202
1415	518 376074 439378 1549876 2521304
1416	560 338358 364804 1598020 2476576
1417	518 365184 388738 1654741 2456135
1418	518 328864 445158 1549535 2505168
1419	444 334450 470988 1485376 2377553
1420	518 354258 367660 1642406 2517441
1421	444 369448 410792 1635698 2475721
1422	518 360724 443896 1593007 2483386
1423	444 366588 463978 1545272 2489494
1424	518 361686 386848 1588338 2402576
1425	518 312862 419006 1555164 2452301
1426	518 384840 427750 1549018 2427202
1427	444 317530 507196 1627360 2487025
1428	518 371238 421658 1558174 2442488
1429	518 332282 408018 1557780 2483417
1430	518 354710 450728 1490034 2491955
1431	444 372978 439974 1565218 2461808
1432	444 316474 438830 1567886 2520015
1433	518 368412 441036 1572238 2431386
1434	518 366870 408686 1552150 2425078
1435	444 327538 399016 1536332 2428715
1436	518 351242 381484 1562738 2462493
1437	518 372110 467178 1612042 2505021
1438	560 363550 442376 1561214 2401538
1439	444 318264 366410 1556992 2413498
1440	444 369840 421866 1534431 2724649
1441	518 379924 446760 1559390 2549377
1442	518 296040 441222 1551870 2470691
1443	518 364394 386898 1503202 2363890
1444	518 370542 409418 1551234 2440766
1445	444 369648 374548 1603446 2479954
1446	444 376442 434804 1623454 2428038
1447	518 331910 408554 1638791 2443727
1448	592 366106 411490 1607791 2507661
1449	518 360856 435384 1638007 2460052
1450	444 372750 456904 1572040 2459456
1451	518 363276 468216 1557328 2406904
1452	518 422928 462138 1599102 2419557
1453	518 367282 459056 1639852 2487087
1454	518 370512 442722 1485814 2494484
1455	518 378318 448234 1582158 2434721
1456	634 390048 440262 1548512 2438816
1457	444 386398 440728 1556642 2411260
1458	518 339744 453666 1566360 2498593
1459	444 410080 465686 1573086 2491722
1460	518 372220 445640 1558566 2722635
1461	518 368830 402790 1530404 2782998
1462	444 370440 453944 1544678 2676450
1463	518 371618 387558 1552660 2735704
1464	444 367418 403646 1549688 2782238
1465	518 365568 424700 1604016 2652018
1466	518 382544 439752 1634840 2419816
1467	444 360416 420424 1557571 2382443
1468	518 307182 369768 1643808 2516277
1469	592 356988 388466 1628030 2342292
1470	444 367358 426948 1625886 2454741
1471	444 324574 391034 1543570 2330158
1472	518 370054 430756 1563458 2456877
1473	518 371744 421972 1624506 2496307
1474	518 302120 428124 1595851 2380700
1475	518 363966 458536 1575572 2546351
1476	444 373710 408364 1540511 2393592
1477	518 365010 396584 1580916 2433940
1478	444 318198 432994 1567928 2389999
1479	444 298102 426138 1582224 2351216
1480	518 321620 443220 1580176 2468126
1481	444 355256 425340 1576745 2406750
1482	634 360876 389740 1551768 2386408
1483	518 322658 376552 1494810 2395328
1484	444 349626 394854 1549550 2440261
1485	518 371322 451752 1489762 2404070
1486	518 334772 422372 1571848 2467660
1487	486 350482 415268 1568606 2399945
1488	518 360306 388528 1560501 2438666
1489	518 362040 373232 1519446 2378573
1490	444 366156 421906 1557330 2446488
1491	518 329610 408038 1560346 2446822
1492	518 326690 508956 1521944 2491537
1493	592 368082 386848 1557025 2446225
1494	518 345486 388066 1553003 2455935
1495	518 299684 384130 1577020 2401846
1496	592 376464 473194 1602936 2438861
1497	518 369080 460724 1588125 2446765
1498	518 339182 437964 1547902 2471850
1499	518 365246 381740 1553046 2364125
1500	444 365066 405454 1561168 2488319
1501	518 346772 421354 1638990 2374909
1502	518 319142 434936 1619442 2431844
1503	518 367192 433736 1546993 2472680
1504	518 313544 370720 1501650 2398192
1505	444 366746 445062 1528678 2395761
1506	592 372486 434780 1498680 2484883
1507	518 367388 424342 1564156 2457211
1508	444 366474 452258 1553020 2448911
1509	560 366728 414414 1549407 2445803
1510	518 353834 447124 1556648 2375129
1511	518 325780 443646 1553152 2449513
1512	518 369620 425084 1574402 2469786
1513	518 366204 481196 1553820 2416270
1514	518 356914 378722 1556690 2458924
1515	444 368664 384236 1503486 2504434
1516	444 367854 426544 1487530 2411420
1517	444 360290 446770 1603876 2492999
1518	518 332390 422948 1487868 2552280
1519	444 366408 442666 1561758 2568436
1520	518 352166 488050 1556394 2580254
1521	518 363618 443498 1558356 2401759
1522	518 317808 447854 1568022 2467647
1523	444 397540 478512 1632474 2411142
1524	518 366496 412448 1604626 2521021
1525	444 366466 433824 1615160 2403454
1526	518 338348 435818 1554344 2445855
1527	592 371642 447996 1551932 2488245
1528	444 365164 473652 1516248 2445071
1529	444 352862 457900 1585758 2731601
1530	518 332498 471106 1508256 2823586
1531	518 416894 466158 1559592 2595426
1532	518 419788 442228 1601108 2434576
1533	370 406208 462806 1475296 2621821
1534	518 366462 469990 1733428 2604763
1535	560 373082 447568 1740062 2430243
1536	444 422050 443774 1665604 2399561
1537	444 421560 475676 1556422 2528136
1538	518 397178 425112 1608348 2674180
1539	444 422788 471208 1688438 2748518
1540	560 422398 454378 1493814 2652256
1541	444 386980 469932 1547134 2792410
1542	444 376398 442464 1620808 2684787
1543	592 423118 447350 1600284 2718523
1544	518 423610 458218 1754236 2735755
1545	518 396774 434670 1733458 2771309
1546	444 423824 446550 1658354 2682514
1547	518 419482 482092 1727326 2760712
1548	518 418026 472810 1664888 2738800
1549	444 360152 442408 1804832 2800588
1550	592 426992 444184 1742908 2771481
1551	518 375804 439994 1667088 2639023
1552	444 424752 444682 1674646 2802498
1553	518 416236 460462 1792830 2793125
1554	444 418088 466286 1733176 2654093
1555	518 398696 520290 1757504 2730946
1556	444 422154 460240 1688978 2746815
1557	592 423680 437560 1755806 2757245
1558	444 419090 440720 1758216 2778056
1559	518 429972 502964 1747974 2610663
1560	444 409140 434072 1683010 2739990
1561	444 369986 453766 1754282 2702923
1562	560 373234 490478 1747216 2720790
1563	518 383302 439112 1753060 2707902
1564	444 383000 423746 1694448 2694473
1565	518 366102 382514 1752842 2821383
1566	444 385884 444064 1680738 2757473
1567	518 363544 435522 1688944 2668150
1568	518 369160 416040 1765670 2772890
1569	444 365116 439466 1668138 2704045
1570	518 400056 511730 1614688 2713386
1571	518 423898 477864 1647500 2798385
1572	518 384808 448380 1632598 2775436
1573	370 424916 457098 1682938 2626160
1574	592 390230 443192 1733968 2419507
1575	444 392348 464622 1662480 2410234
1576	444 383982 453606 1814408 2448949
1577	518 425484 474816 1678742 2518312
1578	518 388682 432034 1689960 2769950
1579	592 387752 439166 1534374 2714065
1580	444 358292 438638 1561974 2718410
1581	444 383652 408662 1541974 2802077
1582	444 364144 454916 1557238 2840437
1583	518 367682 464688 1730944 2726530
1584	444 368570 451302 1723818 2749580
1585	518 317902 443898 1618585 2758328
1586	370 335982 427012 1606148 2630517
1587	518 371120 476670 1606835 2784647
1588	486 368990 458186 1695327 2584380
1589	518 346502 385894 1756268 2426222
1590	444 366474 509806 1613687 2404415
1591	518 407206 448550 1594062 2406433
1592	444 375852 424392 1670840 2535717
1593	486 401444 439616 1599440 2713178
1594	518 362784 445874 1484674 2419572
1595	444 353082 382510 1505700 2447439
1596	444 369728 493162 1556704 2441512
1597	518 424784 467488 1600528 2457621
1598	518 379770 435568 1684410 2441017
1599	518 374662 456146 1570440 2739176
1600	444 368568 467306 1492458 2743464
1601	518 399206 465398 1549666 2754807
1602	518 441132 454766 1561716 2607045
1603	444 374888 422164 1556752 2424195
1604	518 425974 467244 1687158 2449296
1605	518 395300 441648 1737750 2549292
1606	518 364906 426566 1733436 2755764
1607	518 382696 406358 1703114 2798098
1608	518 370844 437224 1559010 2701881
1609	444 373526 382400 1488138 2681255
1610	444 417126 450996 1624954 2741704
1611	444 307806 426488 1757602 2715975
1612	518 367292 427320 1671023 2753024
1613	444 370492 441260 1604982 2629517
1614	518 372532 419996 1697781 2741850
1615	486 321774 369692 1655040 2633878
1616	518 373772 465258 1630208 2568891
1617	444 372470 451884 1662106 2343485
1618	592 365876 429092 1688416 2541725
1619	444 367040 474152 1692411 2537080
1620	444 386212 468206 1614400 2389222
1621	518 340962 443458 1560538 2552537
1622	518 368240 522734 1497026 2468700
1623	444 407336 457768 1678622 2539456
1624	444 382256 451646 1533776 2418975
1625	518 426040 451240 1563780 2417689
1626	518 387758 443926 1551884 2439738
1627	518 351960 444628 1622072 2707137
1628	444 370450 421250 1542772 2767061
1629	444 373284 513434 1553312 2791346
1630	518 374782 416208 1570608 2649741
1631	592 442156 447806 1502856 2506079
1632	518 383012 427898 1740758 2544081
1633	444 371734 441714 1644471 2817510
1634	444 369780 384040 1719473 2752290
1635	518 350508 435618 1687294 2747096
1636	518 349306 439710 1556980 2591377
1637	444 374282 390956 1704592 2461955
1638	518 370364 396328 1629478 2576666
1639	518 365460 378366 1631974 2700477
1640	518 334902 424256 1624626 2774626
1641	486 386720 452942 1579897 2610578
1642	444 357688 428158 1486114 2500859
1643	592 335668 425358 1605769 2440472
1644	444 361238 441732 1588136 2379075
1645	444 392510 452674 1545126 2366546
1646	518 356522 477228 1634774 2442857
1647	486 352768 384226 1559390 2406279
1648	518 365124 435290 1579618 2435071
1649	518 373692 451446 1517279 2257044
1650	444 370648 489070 1554438 2491331
1651	444 410848 434522 1510748 2716434
1652	518 372362 444902 1499914 2442436
1653	444 384176 443122 1579764 2422401
1654	518 376834 472938 1452878 2510907
1655	444 391296 443724 1554580 2419312
1656	518 372972 425618 1765232 2412765
1657	518 369788 466220 1508938 2464882
1658	518 386032 420146 1574922 2461391
1659	518 325754 439000 1629240 2533427
1660	518 361938 459762 1566416 2620327
1661	444 366544 400552 1555912 2767917
1662	518 351114 392050 1557500 2745196
1663	518 349754 449766 1572842 2679761
1664	444 374350 463390 1573846 2618671
1665	518 337130 439876 1629779 2407621
1666	518 369632 442094 1617570 2487427
1667	444 372738 456640 1608657 2487483
1668	560 357066 471682 1652784 2416326
1669	518 389172 465380 1690900 2381205
1670	518 359666 424726 1496776 2424184
1671	444 389904 442504 1574300 2409538
1672	518 364038 428816 1564010 2535790
1673	518 368624 398630 1532670 2484344
1674	518 356260 468520 1554676 2770907
1675	518 370014 500744 1497172 2555424
1676	518 367678 444744 1504773 2401577
1677	518 362850 467946 1614521 2731442
1678	518 320990 458440 1560978 2724635
1679	518 365972 458504 1628703 2763239
1680	444 370750 446500 1636406 2517622
1681	518 393128 450014 1510948 2482500
1682	518 384548 440182 1731508 2501809
1683	444 365290 427742 1750670 2381182
1684	592 368108 426408 1648204 2510543
1685	444 362322 426974 1612274 2533447
1686	592 315498 448234 1555638 2696491
1687	444 364652 424470 1580660 2639360
1688	444 300258 376472 1536606 2529724
1689	444 369994 383846 1540440 2727855
1690	518 383346 477100 1622638 2747708
1691	370 365392 421502 1672366 2729733
1692	518 335766 466678 1599109 2443272
1693	444 363874 391432 1563012 2413300
1694	518 351374 370080 1647420 2430154
1695	486 365406 402894 1633479 2503784
1696	518 349858 468912 1606602 2447316
1697	518 360034 423004 1557458 2397455
1698	518 368232 378284 1502510 2471701
1699	518 371578 431414 1540456 2439887
1700	560 376900 430082 1588172 2467009
1701	518 367760 432914 1552846 2472591
1702	518 373608 446082 1515090 2478173
1703	444 368636 448214 1569604 2453385
1704	518 368668 454630 1594536 2464185
1705	518 352084 417268 1555762 2423893
1706	518 440372 462130 1512338 2481490
1707	518 423706 469542 1552630 2478557
1708	444 428124 458792 1560922 2486059
1709	444 376330 438368 1551364 2590513
1710	592 420382 472526 1558922 2545687
1711	518 424274 454184 1548168 2446540
1712	518 379614 443096 1612686 2414070
1713	518 379252 436902 1491510 2588704
1714	444 413636 438116 1683550 2665689
1715	518 374672 459816 1612584 2727889
1716	444 372382 463582 1563883 2687587
1717	518 420522 437968 1554502 2767783
1718	518 407616 439500 1622974 2727881
1719	518 381464 429138 1694990 2710324
1720	518 375142 425742 1746517 2748171
1721	486 363126 441538 1708422 2423747
1722	444 378110 483668 1746404 2577533
1723	592 374260 423720 1754174 2780328
1724	444 361142 427220 1682494 2689279
1725	444 368990 461674 1667997 2681455
1726	444 317748 452958 1559862 2596026
1727	518 368438 509294 1614312 2778483
1728	444 373098 422850 1739776 2553760
1729	444 384936 444484 1671867 2501443
1730	518 310982 439974 1639322 2435308
1731	444 367242 403676 1627351 2454440
1732	444 344120 392100 1749410 2638279
1733	518 369258 400902 1627680 2510205
1734	444 371056 389608 1630020 2513614
1735	592 371484 442130 1506494 2440465
1736	518 365844 473082 1639477 2613522
1737	518 366440 459254 1592062 2791322
1738	444 424594 500586 1643520 2477909
1739	518 408654 446182 1568109 2483381
1740	592 336944 423106 1499734 2396155
1741	518 383780 441672 1684994 2388530
1742	518 369896 449264 1781414 2477924
1743	518 372008 417838 1565132 2351499
1744	518 384060 452842 1561796 2434027
1745	518 372834 453044 1519040 2562646
1746	592 368972 451616 1582796 2667007
1747	444 433892 456550 1507588 2762554
1748	560 370216 442900 1520210 2788925
1749	518 386398 446680 1556246 2738972
1750	518 347140 429364 1596018 2469483
1751	518 390932 439434 1688028 2406414
1752	592 373200 432688 1685084 2757527
1753	560 365434 433362 1767646 2428570
1754	444 334166 387914 1754902 2392644
1755	444 360750 383634 1639494 2605946
1756	518 367030 396708 1488098 2715489
1757	518 372080 438784 1636054 2843944
1758	444 376478 493162 1580586 2669992
1759	518 361186 432526 1513760 2506526
1760	370 383978 462954 1611493 2443530
1761	592 420440 498442 1665468 2453678
1762	518 404046 439706 1617472 2399449
1763	444 369766 440554 1620528 2442477
1764	444 421868 468074 1558714 2440274
1765	592 437330 471336 1560256 2435034
1766	444 342786 442946 1554732 2423267
1767	444 420794 451968 1516002 2488962
1768	444 375966 481384 1584260 2588435
1769	518 410824 448040 1563620 2686374
1770	444 439542 517792 1562130 2742301
1771	444 385744 468992 1577128 2751001
1772	518 439808 493796 1504892 2735048
1773	560 381188 497412 1646194 2656615
1774	444 373146 450960 1737402 2751327
1775	518 432500 443524 1771384 2629769
1776	444 384036 478714 1750296 2716323
1777	592 372354 503526 1701800 2778254
1778	518 399568 436280 1699028 2746599
1779	444 385232 444088 1758934 2792614
1780	444 330792 440058 1701006 2827090
1781	518 384704 404210 1761276 2720971
1782	518 385562 437924 1752954 2700053
1783	486 342122 437452 1736428 2732288
1784	666 375742 499992 1655412 2827424
1785	444 367910 441934 1607646 2701524
1786	444 385256 439936 1735043 2757870
1787	444 380782 459762 1633996 2736226
1788	518 371338 481130 1590944 2482802
1789	518 379284 456760 1622215 2467106
1790	518 393350 443566 1686192 2544414
1791	444 384036 483826 1755864 2462701
1792	444 392740 436020 1765840 2384920
1793	518 424704 434468 1618124 2427111
1794	444 377190 443446 1518182 2756753
1795	592 373000 478252 1694818 2736788
1796	444 346108 441390 1553156 2646834
1797	518 364098 398524 1573015 2723662
1798	444 374160 467434 1618058 2707012
1799	634 370416 450794 1629895 2763504
1800	518 375036 454810 1637316 2767999
1801	370 368006 450728 1619331 2736874
1802	518 393508 447680 1600239 2457128
1803	444 383928 454568 1650304 2440504
1804	444 367302 470718 1631515 2453285
1805	518 371076 421990 1641736 2427410
1806	518 376426 464146 1760558 2455531
1807	518 429566 479416 1583612 2413460
1808	444 366224 460502 1557800 2445464
1809	518 434596 453234 1567764 2455087
1810	444 401856 477360 1502022 2686875
1811	444 373218 441362 1582852 2776688
1812	370 370448 444152 1563278 2702428
1813	560 373836 451946 1501518 2512859
1814	518 378624 441952 1579654 2508518
1815	444 401456 493046 1758320 2731751
1816	518 427002 456350 1776530 2793254
1817	444 414582 448030 1637362 2723076
1818	518 370434 468182 1584260 2724918
1819	518 374994 452710 1580728 2745200
1820	518 433648 449004 1770688 2689398
1821	444 441772 468140 1781546 2514386
1822	518 407286 472246 1768406 2395248
1823	518 372426 439954 1768138 2531364
1824	592 366666 430028 1763544 2731976
1825	560 375428 433676 1715148 2699383
1826	444 399710 493550 1573652 2701332
1827	592 369478 408992 1521422 2759975
1828	518 384102 487596 1637046 2649568
1829	518 314802 409194 1714980 2745520
1830	518 342192 386902 1571788 2690286
1831	444 368032 417898 1631432 2760422
1832	518 352096 428398 1621014 2720725
1833	444 340216 419692 1616718 2506732
1834	518 371128 463764 1629249 2357125
1835	518 366758 447102 1632981 2442771
1836	592 366144 374366 1627346 2430747
1837	518 346864 393028 1592823 2478954
1838	444 371366 384804 1616190 2441246
1839	518 401296 446798 1518883 2386544
1840	518 314280 454056 1614717 2438505
1841	444 298738 424900 1564286 2358544
1842	518 376268 397876 1549483 2422980
1843	486 342376 395622 1642453 2406665
1844	518 369146 438700 1577044 2541218
1845	444 335106 417742 1583695 2424803
1846	592 366946 440146 1458678 2384052
1847	370 356654 433234 1637474 2458491
1848	444 348118 411994 1610182 2431860
1849	518 316054 399074 1577676 2312509
1850	518 361674 388886 1578364 2491281
1851	486 349330 471700 1513230 2454848
1852	592 365924 406682 1588840 2421012
1853	444 308552 440138 1513414 2443578
1854	518 369340 420238 1526566 2512061
1855	518 368690 392450 1584418 2392247
1856	444 295162 371290 1558528 2413006
1857	444 351904 414694 1581434 2418916
1858	444 367552 479086 1579374 2431438
1859	518 367030 449214 1570394 2385370
1860	518 324338 411270 1554810 2493649
1861	444 364114 389602 1493212 2420617
1862	518 365108 463782 1552930 2406607
1863	518 390510 429476 1501628 2463099
1864	518 383828 456744 1553870 2415808
1865	592 384570 458760 1555058 2347396
1866	444 421592 466348 1508958 2407735
1867	518 422096 485936 1551874 2490478
1868	518 375692 430710 1498770 2366392
1869	370 333564 444032 1576756 2480784
1870	518 364644 467084 1490890 2470823
1871	592 371156 404800 1496214 2345979
1872	518 371144 417394 1628086 2592108
1873	560 364804 438992 1507196 2707732
1874	444 366056 472426 1563300 2807468
1875	518 368844 441452 1568550 2758636
1876	444 379754 532124 1499638 2766167
1877	518 353174 500718 1619222 2731022
1878	634 371524 443754 1687680 2746719
1879	518 384932 421724 1681380 2455404
1880	444 315536 419346 1643856 2449093
1881	518 366406 463436 1612692 2467625
1882	518 357842 439000 1662282 2675972
1883	518 367022 483162 1793316 2450831
1884	518 331530 418130 1562314 2466731
1885	518 372064 445438 1502354 2414668
1886	444 352810 489396 1572178 2549841
1887	518 402772 437510 1627815 2739502
1888	518 356156 435244 1560432 2679894
1889	444 368988 423508 1608863 2426606
1890	518 375404 449300 1509106 2494439
1891	444 370580 395816 1565500 2437490
1892	444 370316 384866 1758066 2518101
1893	518 349486 453800 1685390 2350973
1894	518 382884 440492 1632974 2510428
1895	444 301094 419318 1558508 2624792
1896	444 370014 387586 1562440 2708817
1897	518 352650 511898 1561162 2807869
1898	444 293220 443756 1510571 2574870
1899	518 366184 454862 1557608 2464146
1900	444 368186 502012 1547537 2442588
1901	518 359880 389106 1634400 2441185
1902	560 366656 411242 1718356 2418787
1903	518 368700 460968 1632195 2520462
1904	444 368192 460222 1522834 2374359
1905	518 389998 431650 1555422 2453886
1906	518 379338 447792 1564812 2575400
1907	560 367412 424390 1547582 2387696
1908	444 389982 426222 1583464 2368403
1909	444 362218 399694 1487840 2424980
1910	518 380534 440612 1573662 2414717
1911	518 356082 414306 1611558 2485080
1912	370 368610 481504 1573606 2460806
1913	518 367942 380914 1488002 2490998
1914	518 298644 424772 1528746 2644623
1915	518 373612 483874 1509066 2694361
1916	518 386024 450278 1631048 2617536
1917	518 371330 435892 1587192 2474141
1918	444 427934 461324 1575939 2469327
1919	518 426020 455786 1627863 2416384
1920	518 416924 451112 1671229 2457403
1921	592 372744 452960 1685264 2411215
1922	444 401566 504442 1579940 2379936
1923	518 386376 449848 1510340 2438404
1924	518 374912 485858 1576182 2508013
1925	444 406710 472770 1579138 2699003
1926	592 368642 479790 1559090 2688632
1927	444 377686 442802 1521988 2733594
1928	518 390408 453980 1559592 2714166
1929	370 433882 483694 1582122 2657796
1930	444 342964 462386 1694346 2786320
1931	518 419024 466984 1742654 2669424
1932	560 423504 461010 1783280 2755088
1933	444 428180 443114 1694480 2741740
1934	518 370730 444704 1707632 2717690
1935	444 422846 470650 1780774 2693795
1936	518 389800 459642 1629282 2800067
1937	560 442782 476212 1704510 2740984
1938	518 371530 465770 1766180 2729745
1939	444 421392 466798 1688120 2740277
1940	518 391584 444426 1762022 2445835
1941	518 382320 446230 1763300 2609202
1942	444 411302 464054 1786170 2729829
1943	444 392864 438388 1759908 2701718
1944	518 386600 446596 1709404 2738501
1945	518 381042 427728 1576336 2813961
1946	592 324248 456678 1691530 2735689
1947	444 375476 446006 1773542 2794782
1948	444 334260 447848 1736602 2742210
1949	444 367990 451690 1600208 2739729
1950	444 377178 453610 1688726 2569053
1951	592 362198 422608 1743676 2738507
1952	444 369380 417960 1654815 2638837
1953	518 359998 423332 1605287 2456242
1954	592 371130 439988 1716364 2530319
1955	518 372640 451570 1695329 2684742
1956	444 364580 410532 1651256 2428002
1957	592 303520 376506 1641211 2401559
1958	592 302014 468152 1517596 2571086
1959	518 367998 471780 1674035 2543010
1960	518 297896 424958 1616681 2472581
1961	592 368204 426908 1630920 2520724
1962	486 353484 489260 1497380 2401673
1963	518 361886 436184 1628979 2507016
1964	518 333562 441948 1605228 2422302
1965	444 354376 417576 1558028 2391156
1966	444 364002 386352 1576440 2408194
1967	560 371018 441892 1553690 2506066
1968	518 336156 466566 1561674 2393091
1969	518 360046 415916 1576774 2429123
1970	444 373410 459836 1497318 2435072
1971	592 379800 445204 1559512 2520895
1972	444 332028 387924 1569496 2564397
1973	518 359526 428328 1497664 2447418
1974	518 390124 464764 1573968 2409836
1975	444 334124 425832 1587151 2494365
1976	518 368856 425210 1621386 2428085
1977	518 371792 441814 1569408 2507347
1978	444 372322 448630 1582276 2408236
1979	592 313214 441990 1533811 2613440
1980	518 354518 410222 1540016 2460212
1981	518 346916 387952 1651388 2405437
1982	444 370294 419282 1526568 2556355
1983	518 365494 426726 1604426 2426560
1984	444 364546 472120 1643148 2497767
1985	444 335838 372264 1572266 2499697
1986	444 339038 443572 1523756 2454984
1987	518 366270 425214 1631942 2463289
1988	518 372526 452232 1593222 2462038
1989	518 374498 455970 1555818 2469260
1990	444 364530 499194 1573274 2361482
1991	518 342284 470552 1596909 2503277
1992	560 438934 489970 1515260 2332288
1993	518 338430 443980 1579162 2442231
1994	518 364328 426360 1563850 2454457
1995	444 369190 458346 1591846 2451815
1996	518 371604 435318 1573914 2406687
1997	486 395298 440370 1519324 2495583
1998	444 375686 457702 1587024 2702102
1999	444 372062 461546 1519138 2686947
2000	444 338408 445344 1584352 2793225
2001	444 370308 438920 1576256 2642829
2002	518 392888 470652 1575626 2699025
2003	518 430974 489582 1707232 2464338
2004	518 383046 443372 1691248 2411587
2005	518 397932 454424 1654417 2370998
2006	518 346944 440322 1647343 2727407
2007	518 372156 502678 1666621 2652453
2008	444 420558 470578 1587390 2664150
2009	518 415590 446466 1534958 2419901
2010	444 410086 459156 1576138 2471775
2011	518 368114 470666 1653175 2492711
2012	518 369794 450366 1674592 2775626
2013	518 421238 514096 1717126 2784497
2014	518 368684 444456 1591714 2741798
2015	518 393128 449034 1570502 2477724
2016	518 376104 446262 1573604 2508838
2017	592 399656 419952 1771374 2590033
2018	444 370946 443284 1818152 2703397
2019	518 370104 443072 1709628 2673298
2020	444 382460 497832 1584824 2695331
2021	518 361954 373926 1636502 2737520
2022	560 385890 445146 1639918 2798259
2023	518 321562 455522 1628384 2702738
2024	518 374030 500338 1691687 2768128
2025	444 384828 466608 1731515 2666735
2026	518 371670 425980 1647532 2459800
2027	486 426328 480300 1645810 2493804
2028	518 414714 492316 1620632 2539795
2029	444 380736 443142 1618543 2535419
2030	518 372700 441596 1596572 2436488
2031	518 414818 503066 1574604 2467178
2032	518 363444 445128 1560672 2428211
2033	444 375068 426824 1646506 2422965
2034	518 379844 497840 1612958 2460533
2035	444 363360 427230 1521212 2661762
2036	518 364692 390968 1629748 2812520
2037	444 366616 388022 1502368 2649693
2038	518 369782 415012 1576508 2764669
2039	444 365898 427282 1519771 2851495
2040	518 367994 407972 1613879 2616461
2041	518 360542 396122 1649899 2736778
2042	518 370596 383582 1593319 2584276
2043	444 367414 481774 1651400 2467838
2044	518 319954 440492 1622532 2479856
2045	518 366456 385312 1647372 2413905
2046	518 366888 425164 1653765 2385143
2047	518 368686 388912 1632598 2471091
2048	518 335858 399842 1560264 2492507
2049	518 368600 435914 1637182 2411832
2050	518 363108 434572 1637256 2478249
2051	444 323570 398310 1559996 2468265
2052	518 364078 381484 1557436 2397513
2053	444 355144 372450 1584505 2396366
2054	518 354900 408496 1657548 2455115
2055	444 382900 431962 1570686 2479596
2056	518 367656 371966 1554700 2430182
2057	444 365764 462152 1504874 2310982
2058	518 334136 402534 1561054 2482032
2059	444 363030 408486 1609182 2495925
2060	518 352734 414054 1502268 2437765
2061	444 360002 405036 1560548 2523304
2062	518 297756 383702 1483382 2369266
2063	486 368936 431768 1556542 2407851
2064	592 369992 463784 1555254 2420937
2065	518 300324 441886 1558401 2366412
2066	518 367232 425020 1611537 2375600
2067	518 367816 469638 1563224 2401616
2068	560 366254 376798 1556938 2470519
2069	518 372742 385830 1567874 2396255
2070	518 365868 444484 1571758 2406667
2071	518 348954 436738 1583563 2343874
2072	370 372504 439374 1584835 2420172
2073	518 349520 385126 1595651 2447993
2074	518 331176 393128 1628132 2355132
2075	518 370146 449508 1608861 2448051
2076	518 383714 430424 1613522 2376949
2077	518 350376 406072 1578932 2390726
2078	592 360880 435984 1565320 2510521
2079	518 367672 408294 1571690 2488283
2080	518 352796 370330 1636297 2476131
2081	444 356042 446304 1530096 2460968
2082	518 317778 468078 1496012 2412517
2083	444 381736 441482 1610022 2398475
2084	518 356058 406316 1596806 2453706
2085	518 375220 392002 1555636 2411251
2086	518 298608 394256 1576082 2414159
2087	518 355400 389146 1535254 2410233
2088	518 369816 429730 1600106 2483322
2089	444 343528 369906 1576114 2406938
2090	592 324016 385696 1594617 2449257
2091	518 353712 437832 1564876 2485938
2092	518 336324 416040 1555310 2431704
2093	518 373652 438216 1558943 2426457
2094	444 372420 393252 1580174 2393899
2095	518 371434 464168 1587160 2375130
2096	444 357416 440352 1607090 2384253
2097	518 323400 470060 1592129 2333804
2098	518 370976 398842 1594281 2368168
2099	634 358930 404432 1512464 2410365
2100	518 363746 383542 1602429 2410496
2101	592 310800 393112 1668720 2465626
2102	444 367932 426598 1599393 2382467
2103	518 374270 441302 1641119 2474318
2104	518 335482 403928 1558454 2397080
2105	444 372512 424152 1576000 2544921
2106	518 368024 389424 1560308 2393609
2107	518 371032 440274 1578196 2497330
2108	518 368226 448614 1616016 2408375
2109	518 367328 454164 1580522 2463490
2110	560 385606 485590 1570312 2353602
2111	444 386084 443014 1580384 2368087
2112	592 366444 446874 1579232 2475854
2113	444 328944 429432 1576994 2482301
2114	444 327058 434968 1503340 2452672
2115	518 391762 442804 1522426 2409851
2116	444 364622 413864 1746384 2367995
2117	444 367654 395746 1658781 2512531
2118	518 338282 399908 1646845 2559505
2119	518 367048 391600 1663076 2795252
2120	592 367544 399912 1580922 2612332
2121	444 349658 452318 1579035 2489721
2122	592 364918 466596 1572448 2527429
2123	518 373052 477786 1667828 2433746
2124	518 396814 425398 1603876 2418899
2125	518 364848 478458 1565292 2363589
2126	518 366300 466688 1566262 2386948
2127	518 371264 453486 1572032 2553775
2128	518 366502 443112 1575406 2345295
2129	518 431412 479978 1579674 2345544
2130	518 317378 428020 1503448 2443876
2131	518 380376 437180 1513758 2494768
2132	518 369424 450084 1571284 2776823
2133	518 372090 467408 1563866 2697213
2134	444 427376 463788 1659420 2673188
2135	560 397834 430452 1563802 2713422
2136	444 326188 443564 1586014 2754891
2137	518 341148 446144 1628093 2797756
2138	518 370678 469032 1766510 2704638
2139	444 309024 442296 1766730 2550231
2140	518 363208 464380 1641568 2434982
2141	444 360674 450022 1648765 2438711
2142	444 309408 424404 1575382 2654001
2143	592 370802 428298 1710994 2730128
2144	518 355906 478186 1621089 2802980
2145	518 390594 444982 1503812 2407733
2146	444 326888 441926 1557912 2416871
2147	518 369620 473132 1638838 2507225
2148	518 369184 442152 1619957 2490045
2149	444 339176 393234 1631796 2460429
2150	444 371442 387432 1559352 2636597
2151	486 370506 455014 1581208 2706236
2152	666 364840 439130 1650346 2427325
2153	444 425710 464498 1633928 2388406
2154	518 368428 443710 1611546 2681184
2155	518 374126 407266 1635383 2711870
2156	518 368566 458956 1598345 2707860
2157	444 371916 450022 1497526 2451857
2158	518 427664 479876 1577822 2408144
2159	518 384362 456046 1648325 2450096
2160	444 381104 443724 1652633 2393334
2161	592 351188 476640 1618002 2573408
2162	518 368040 498280 1556272 2690253
2163	444 339502 493876 1587284 2468111
2164	518 385952 491798 1552572 2464478
2165	592 375194 457632 1458286 2423576
2166	444 437218 515372 1690396 2598101
2167	444 372552 468946 1702356 2683734
2168	518 425820 451302 1569068 2785050
2169	592 435244 456438 1575328 2743800
2170	518 378810 446442 1578440 2775316
2171	560 372788 456042 1650510 2707013
2172	518 373988 447044 1703840 2810366
2173	518 191654 445600 1812432 2713035
2174	444 27570 444868 1699894 2741011
2175	518 27314 436080 1760170 2718609
2176	444 23750 447164 1761888 2722833
2177	444 20244 572976 1780884 2802309
2178	518 19914 591804 1713308 2731936
2179	444 18338 581208 1695997 2769300
2180	518 19790 633078 1697506 2757963
2181	518 18470 618810 1764862 2709635
2182	444 17406 589236 1828676 2473531
2183	518 20640 567316 1781440 2543681
2184	444 19964 643308 1707437 2477757
2185	518 21152 618330 1819842 2633780
2186	518 23684 640620 1707622 2733071
2187	444 21828 581742 1578362 2633175
2188	444 24344 594504 1648106 2833353
2189	518 26654 581112 1575648 2764379
2190	444 27380 585258 1712428 2695763
2191	444 24146 559248 1773350 2783560
2192	486 25532 569442 1636726 2665489
2193	518 25986 567258 1822469 2744719
2194	444 24220 569216 1755790 2712974
2195	444 21886 499792 1756098 2657351
2196	444 20590 631918 1735608 2700643
2197	518 20442 540240 1703550 2790823
2198	444 19394 508802 1746166 2662405
2199	518 18932 716798 1692620 2650591
2200	444 3348 768404 1592996 2684286
2201	370 3564 826308 1666792 2601826
2202	518 3498 947952 1654529 2516255
2203	444 560 754635 1704034 2357597
2204	444 518 1306642 1675810 2381215
2205	444 518 1353160 1648702 2387616
2206	444 518 1296302 1644528 2483173
2207	444 518 1264093 1613157 2531462
2208	518 518 1273147 1602802 2753729
2209	444 518 1031086 1752332 2530876
2210	444 592 1040744 1731850 2400552
2211	444 518 1060438 1602571 2419631
2212	444 518 853365 1692132 2402264
2213	518 560 986209 1733310 2408099
2214	444 518 1103825 1792775 2415565
2215	444 518 839639 1751816 2402500
2216	370 518 1117898 1682032 2726452
2217	444 592 1170747 1610520 2727729
2218	444 592 1269850 1549704 2754935
2219	444 518 1202193 1634306 2741374
2220	518 518 1188977 1570314 2793631
2221	370 518 1336752 1760778 2730068
2222	444 592 1575834 1780886 2696701
2223	518 518 1218117 1733338 2790628
2224	444 592 1646116 1736770 2778159
2225	444 518 1619105 1769088 2779839
2226	444 518 203062 1734522 2668975
2227	444 518 19122 1741164 2505856
2228	444 518 21044 1694476 2526062
2229	444 518 20978 1764110 2369171
2230	66 444 17546 1738278 2516448
2231	370 518 8760 1690290 2477086
2232	444 518 1352 1631176 2435141
2233	518 592 1278 1506668 2562199
2234	518 954 1054 1032083 2683891
2235	444 980 1442 1506780 2769109
2236	444 888 1236 1624318 2734287
2237	592 962 3291 1486128 4174017
2238	560 584 2174 1450514 1648016
2239	444 518 2108 1178260 1750786
2240	518 584 1086464 1711624 1711624
2241	444 283670 560914 1770520 1770520
2242	264 518 650 558052 558052
2243	74 510 914 560282 560282
2244	74 132 518 653416 653416
2245	42 74 584 560484 560484
2246	74 116 518 187112 187112
2247	42 42 132 518 518
2248	0 74 74 1194 1194
2249	0 0 74 132 132
2250	0 0 74 74 74
2251	0 0 74 74 74
2252	0 0 42 74 74
2253	0 0 0 116 116
2254	0 0 0 0 0
2255	0 0 0 74 74
2256	0 0 0 0 0
2257	0 0 74 74 74
2258	0 0 0 0 0
2259	0 0 0 0 0
2260	0 0 0 0 0
2261	0 0 0 0 0
