1	90 90 180 853328 2560003
2	78 168 250 1099833 1731180
3	90 250 1476 808634 1186104
4	0 90 169064 657138 816096
5	0 0 358710 725726 1006726
6	0 542 706884 773280 1627444
7	70 2662 627380 752070 2244184
8	538 241296 716812 1029207 2258112
9	0 607596 636028 2221303 2302446
10	0 611517 653124 2084391 2372708
11	70 624742 801514 2284063 4746932
12	654 580074 790572 1514013 2398962
13	74 641982 773280 2030883 3252605
14	444 616156 773280 1764060 2631178
15	444 683056 728952 2080542 2870234
16	444 636028 727882 2330216 3096068
17	518 690952 862978 2121416 2916687
18	444 580074 744830 2098338 3015756
19	592 626348 723222 2158504 3309347
20	518 608266 670578 2438743 3102940
21	444 633720 773280 2241007 3039105
22	592 707578 773560 2187845 3105407
23	444 670706 726384 2375354 3395434
24	592 694250 773280 2083726 3073564
25	444 664550 706532 2012517 2880314
26	444 680530 773560 2129656 2873061
27	518 669658 809932 2368237 2961882
28	444 655914 781132 2392951 2808634
29	518 615866 683582 2253178 3039767
30	444 603232 669658 2267325 3160703
31	444 580074 745522 2358387 3326048
32	444 564198 705914 2423939 3126261
33	518 529214 725726 2041832 3221315
34	518 539318 717686 2098562 3263099
35	518 533036 648420 2045846 3415138
36	518 489698 618990 2158583 3075624
37	444 534570 670578 1830478 3001781
38	518 627438 669658 1846159 2865624
39	444 531098 689318 1905661 3058851
40	518 522986 654374 1901046 2767850
41	518 617530 643234 1905644 2708990
42	444 515344 635198 1894010 2766516
43	592 539256 649396 1898076 2756581
44	518 628264 645526 1948454 2692010
45	518 560816 696372 1932926 2757117
46	444 541546 607870 1925537 2786461
47	592 540686 611714 1911513 2747757
48	518 545406 664430 1879392 2793578
49	518 589634 664244 1904797 2759743
50	560 544490 634236 1912627 2778672
51	370 520734 636654 1915013 2770881
52	592 573258 636888 1941363 2632135
53	518 535354 669108 1880552 2824756
54	444 515822 613758 1852257 2708476
55	560 538774 685162 1925090 2761797
56	518 562350 670132 1873947 2668228
57	518 515026 750158 1870906 2688505
58	518 594484 712024 1859251 2762035
59	518 652588 757622 1916439 2655451
60	444 609160 683010 1905609 2690448
61	518 636422 725342 1919978 2749482
62	518 598828 724358 2148188 2701447
63	518 640702 773458 2208702 2683112
64	518 626294 709238 2105699 2766284
65	518 617338 646008 2058989 3043942
66	444 632210 691380 2233028 3145909
67	444 647632 754608 2376708 3037187
68	518 735292 783226 2012208 2929659
69	518 636096 721554 2076004 3184905
70	518 626926 669658 2058752 3296297
71	518 657940 746998 2096137 3028378
72	518 706818 784742 2122752 2916932
73	518 648962 727022 2247086 3018640
74	444 579380 656102 2150999 2889026
75	444 640854 778256 2082158 3026556
76	518 620530 744750 2101981 3254474
77	518 657238 756176 2262236 3030851
78	518 623400 669426 2122520 2903351
79	518 630644 757114 2051622 3034212
80	444 659622 782330 2128997 3057162
81	518 614130 798926 2221777 3041417
82	518 721256 821308 2137157 2902960
83	592 627008 729196 2063578 3016034
84	444 632842 706182 2222797 3100043
85	518 643276 713588 2177713 3050493
86	518 619460 717880 2206679 2886254
87	560 636932 820540 2355359 3271722
88	518 706558 772412 2291781 3092147
89	444 707092 727618 2058179 3085195
90	518 692914 773280 2088350 3253819
91	518 627514 718448 1987854 3204117
92	518 580074 753948 2204379 2928540
93	444 651678 724734 2381764 2969062
94	518 605668 666354 2214398 2887619
95	444 618652 734438 2419627 3098366
96	560 626162 719636 2066071 3291222
97	518 617112 644788 2084220 3138979
98	518 635474 777272 2119272 3317461
99	444 692652 733188 2184095 3107028
100	518 693044 759556 2099935 3015342
101	518 635036 782330 2028821 2936055
102	518 662220 733054 2162701 3065783
103	518 616498 636708 2195589 3035217
104	444 643984 691312 2174966 2890128
105	444 656492 815878 2321194 3050167
106	444 635392 773816 2302286 3105226
107	444 700268 776304 2088439 3027725
108	444 626096 755290 2046140 3217788
109	518 552814 716024 2070537 3198628
110	444 647974 777028 2158836 3054556
111	518 621404 652786 2344873 2972589
112	444 627132 725040 2356866 2952225
113	518 641772 743392 2212530 3176641
114	444 667576 779596 2333470 3312694
115	444 606246 635184 1899007 3360332
116	518 640790 792000 2080086 3058126
117	518 624754 727700 2285872 3271621
118	444 721722 782586 2231006 2886701
119	444 607396 718284 2045805 2960931
120	592 717814 776838 2097263 3271785
121	444 636014 718118 2209906 3099612
122	518 662002 739336 2118844 2957603
123	518 627232 738422 2150173 2968443
124	486 716600 775922 2305504 3055815
125	518 625068 718408 2381244 3047057
126	444 588396 769212 2160296 2975616
127	518 441888 718192 2006402 3234227
128	444 528730 734090 2059252 3386500
129	444 445016 585594 2351052 3121884
130	518 440926 584042 2102258 2945018
131	444 449406 577646 1990331 2973627
132	518 535792 642458 2305379 3309610
133	444 519250 563822 1618615 3115604
134	518 565738 638062 1738071 2846723
135	518 551844 610898 1675102 3124266
136	518 564354 654678 1619067 2931800
137	486 602094 626080 1632683 2573271
138	518 543230 644640 1755927 2361055
139	518 543970 694788 1892172 2354852
140	444 531372 620934 1912935 2330519
141	518 621954 694840 1876296 2614938
142	518 507816 639950 1927201 2756979
143	444 552494 579054 1825912 2737329
144	518 476006 545450 1881415 2701861
145	444 496878 580970 1905193 2733458
146	518 526684 580460 1849220 2700522
147	444 463334 643438 1898720 2700467
148	518 465244 669476 1863719 2669860
149	444 575946 640608 1603869 2712382
150	592 586920 672912 1596225 2781310
151	444 566280 629512 1673342 2654928
152	518 534604 649768 1757373 2366324
153	518 545844 647410 1897242 2325257
154	444 523114 644778 1926668 2331884
155	370 618668 715324 1877663 2599108
156	518 564608 634866 1918801 2767059
157	518 549606 606962 1937400 2713020
158	518 512920 672092 1904550 2723968
159	444 502298 649404 1948821 2815890
160	444 574920 733274 1884363 2768870
161	560 557864 602530 1882956 2728166
162	592 554396 656136 1875695 2795351
163	444 547122 683582 1967362 2712509
164	592 536558 645526 1843587 2707600
165	444 617964 654434 1899322 2732244
166	518 507490 639756 1942808 2801754
167	592 540700 653874 1873975 2691513
168	370 532002 642426 1922065 2742302
169	518 542518 682944 1888079 2756465
170	444 583606 666202 1882130 2705862
171	518 530862 694154 1902457 2794184
172	518 566262 728502 1863346 2743856
173	518 549270 646068 1901504 2720141
174	518 518104 613834 1853976 2723559
175	518 554598 657988 1918589 2690373
176	444 634770 669658 1926999 2742119
177	592 501540 636392 1942823 2712993
178	634 536610 644664 1892668 2761226
179	444 621454 644110 1914104 2788237
180	444 614640 662626 1899319 2731309
181	444 587770 682168 1955578 2780037
182	518 540390 617442 1923606 2768823
183	444 542064 630016 1902188 2784197
184	518 624328 662514 1893837 2731283
185	518 488038 619040 1984128 2842955
186	518 538352 665276 1972252 2681023
187	444 547632 643772 1957827 2773292
188	444 520728 606388 1929722 2842260
189	444 579442 654986 1882264 2823979
190	518 513386 562254 1917159 2759010
191	518 581848 657056 1892239 2723742
192	444 590578 611128 1914365 2808644
193	518 531002 632138 1869153 2725607
194	518 504092 637872 1865482 2681447
195	444 587436 653508 1874584 2825211
196	518 559380 652674 1896501 2624881
197	592 531178 635448 1893127 2683874
198	444 534616 693746 1878988 2779417
199	560 517894 648166 1863993 2659510
200	518 556190 671168 1910489 2752617
201	444 489998 724134 1931102 2685218
202	444 530860 683530 1894316 2680481
203	518 540554 616946 1917757 2727071
204	518 554162 671094 1923523 2717729
205	518 595192 654392 1877605 2744129
206	518 558902 585710 1938373 2813739
207	518 546590 644302 1924254 2699685
208	444 621396 645168 1906438 2809794
209	518 543536 603522 1860190 2757713
210	518 608144 654790 1899884 2771143
211	518 505730 635304 1929462 2715164
212	444 547614 669878 1824786 2746548
213	592 523608 571886 1931968 2668966
214	444 523816 625546 1956375 2717628
215	518 400818 563628 1865274 2762275
216	444 526526 649160 1948278 2740889
217	444 433718 532338 1898302 2827824
218	518 545440 584974 1905356 2715583
219	486 466756 542338 1640636 2832211
220	444 440710 601140 1650025 2745918
221	518 434776 568816 1659479 2710846
222	518 534670 641278 1747180 2369047
223	444 522780 585644 1735204 2351407
224	518 516642 586004 1628465 2391472
225	444 527474 551228 1635926 2565148
226	518 521620 663116 1697477 2511155
227	518 569642 633858 1702527 2320062
228	444 531018 655458 1747657 2441170
229	518 633738 647476 1779286 2488349
230	518 531830 614120 1757217 2450238
231	444 534066 651370 1863307 2482040
232	444 520270 650696 1906853 2543385
233	444 549336 662688 1928507 2491831
234	518 542940 644370 1902275 2676622
235	518 546046 643710 1962677 2828258
236	486 600376 644602 1890160 2690812
237	444 554862 656286 1877411 2807297
238	518 542850 641502 1877742 2712338
239	518 546926 637336 1850021 2736418
240	444 558960 683518 1927194 2772318
241	592 422630 628220 1934760 2644870
242	444 539844 581180 1839476 2723339
243	518 489142 572848 1900422 2825672
244	444 444016 542260 1833509 2712032
245	444 528990 596106 1908275 2730867
246	444 488554 603184 1859910 2641257
247	518 473334 588084 1612022 2676113
248	518 534960 551138 1621010 2723895
249	518 547072 667250 1612626 2697793
250	518 551668 658936 1605175 2518800
251	444 513246 629936 1694930 2355449
252	444 541230 645930 1717175 2322279
253	518 537550 645656 1755876 2298418
254	518 601174 680252 1777990 2441379
255	518 546570 719924 1888145 2499191
256	518 505488 640770 1867467 2535199
257	518 501042 624272 1934069 2543248
258	444 541478 675578 1834941 2701174
259	592 522312 630812 1860812 2779542
260	486 552232 626550 1898106 2724000
261	518 544122 704820 1876580 2661183
262	444 506486 663712 1884653 2664609
263	444 600446 725726 1851695 2726563
264	518 478004 642042 1836831 2758926
265	518 532954 736890 1934981 2620772
266	444 495594 622496 1880935 2684801
267	518 531008 665400 1897068 2745094
268	518 540834 694588 1878349 2715877
269	444 538718 659030 1836907 2731702
270	444 623066 662246 1844607 2740596
271	518 523702 629302 1889139 2729992
272	518 554020 632612 1914973 2637087
273	486 555306 619532 1912601 2676820
274	444 534702 643950 1895670 2794105
275	518 553380 671156 1880849 2743203
276	444 540626 605630 1905021 2681012
277	518 609500 629334 1873902 2692896
278	370 539306 633836 1875502 2742710
279	518 585944 726030 1942929 2738295
280	518 503288 589592 1859162 2747258
281	444 508820 644262 1881178 2704984
282	518 446462 597524 1865954 2787632
283	592 483700 671858 1903982 2751527
284	444 541758 634412 1868880 2648674
285	518 557420 670452 1912259 2731197
286	518 633568 683582 1838847 2776545
287	444 491992 643396 1599724 2701828
288	444 535490 662792 1744876 2705841
289	518 618800 661680 1972429 2652981
290	518 495530 618798 1911031 2439916
291	518 565314 671186 1939254 2564264
292	518 564190 670378 1883694 2867143
293	444 491260 640450 1931192 2737657
294	518 545356 658626 1893792 2839042
295	518 519212 640564 1916042 2793287
296	518 622580 711352 1877992 2696164
297	444 497324 629336 1923010 2782527
298	444 539584 706868 1857262 2751503
299	444 513382 640648 1888729 2735003
300	444 538122 717300 1851632 2683643
301	560 532472 657324 1914131 2741832
302	518 529810 627514 1850943 2698910
303	518 503864 632772 1882346 2729172
304	518 546280 657024 1868073 2649603
305	444 524010 631512 1849817 2763458
306	518 547320 686524 1880705 2639741
307	518 522986 655708 1870698 2695405
308	518 544188 733614 1867976 2714352
309	444 628170 822716 1873186 2745157
310	560 591408 818232 1874082 2625935
311	518 641098 754080 1872201 2734723
312	444 597238 735970 1861012 2697639
313	518 642656 720764 2288978 2722257
314	518 661944 736562 2269308 2608918
315	518 637906 714676 2332124 2678693
316	444 644324 729946 2191477 2746836
317	592 624966 773280 2108946 3440862
318	518 611858 756554 2160460 3204590
319	444 644052 798016 2071737 3119090
320	518 506714 711312 2157222 2977214
321	444 641342 730582 2048193 3034614
322	444 630484 800704 2191857 2926451
323	444 609852 697852 2235771 3019069
324	518 636410 854146 2081515 2972379
325	518 712392 814892 2121395 3104638
326	518 598906 739298 2038728 3128493
327	518 636458 713180 2075523 2925157
328	444 641040 712730 2066728 2996949
329	592 665522 777222 2105804 2925114
330	486 574000 744852 2433319 2977864
331	518 641922 739234 2263359 2932985
332	444 640810 728256 2126484 2962647
333	518 631968 717212 2167338 3336125
334	518 606792 716216 2072557 3128040
335	560 633286 758266 2323463 3058819
336	518 617040 712268 2070580 3062528
337	518 635270 759708 2068827 2989945
338	444 638660 776292 2277402 3159394
339	518 639442 811862 2096082 2994695
340	444 441380 658026 2248541 2961821
341	444 543966 656700 2028423 3238340
342	444 503040 673588 2125453 2952400
343	444 489830 659446 2273378 3241174
344	592 600578 666168 2054399 2954622
345	444 635072 735994 2126735 3035482
346	592 527270 633714 1678474 3219590
347	444 532202 663584 1792974 2968286
348	592 502806 668278 1983246 2931082
349	444 517104 660770 1916435 2681148
350	444 511412 635562 1932332 2655294
351	592 632128 689654 1916871 2812965
352	518 601474 665074 1913452 2732803
353	444 580766 630390 1890378 2795722
354	518 568362 681276 1893696 2768065
355	444 485234 616492 1948949 2742926
356	518 516582 618866 1960461 2780081
357	592 544312 643754 1971033 2674404
358	560 522266 697780 1936506 2826513
359	444 528212 627842 1900568 2860317
360	518 546008 650804 1882289 2819135
361	518 556710 657914 1942641 2769600
362	444 519294 600752 1908773 2803338
363	486 617072 673040 1927295 2730924
364	518 489644 611590 1905285 2776609
365	518 537476 714180 1845362 2821545
366	444 561002 645314 1864398 2723060
367	444 545112 660276 1887156 2737829
368	518 507302 661104 1862778 2684319
369	518 504242 651992 1948369 2635878
370	444 516014 656470 1878657 2730276
371	518 599188 656036 1919758 2742915
372	444 497882 630088 1915986 2766645
373	444 524546 682882 1901142 2768443
374	518 572682 677154 1944652 2748173
375	518 502526 623572 1924417 2724768
376	444 607802 643754 1945081 2745237
377	518 563622 654918 1873246 2824785
378	518 532274 669658 1870851 2728770
379	444 535918 629226 1906017 2745584
380	592 511168 643438 1918891 2693132
381	444 619312 666962 1890385 2762155
382	518 530654 638998 1848584 2748316
383	518 533352 672152 1864181 2766570
384	518 572034 683582 1881702 2720200
385	518 564822 635650 1901089 2632060
386	486 543484 643958 1937058 2784283
387	518 609930 664628 1920059 2673081
388	592 501930 580132 1903778 2800163
389	518 568838 650060 1933895 2716296
390	518 527598 641444 1918876 2826564
391	486 613998 673142 1883329 2760759
392	518 544866 644778 1922372 2712113
393	518 535220 683384 1857775 2806650
394	444 525100 634440 1831129 2786484
395	518 568250 625664 1915696 2698702
396	592 529026 647648 1910051 2714100
397	444 530976 676020 1902332 2664922
398	518 543862 660038 1860212 2783832
399	518 525706 612446 1901867 2680987
400	444 535242 689108 1878771 2797082
401	518 583280 628836 1908395 2673301
402	444 533950 640444 1895263 2777366
403	444 528328 642162 1917090 2737692
404	518 562426 644330 1872288 2677621
405	444 579446 683764 1931658 2772151
406	518 538156 634232 1942372 2735059
407	518 583468 670768 1842155 2781364
408	518 536040 667068 1893301 2749376
409	444 543772 663190 1930094 2777948
410	592 544230 670470 1905411 2695837
411	444 519796 641496 1904670 2729889
412	444 563234 661032 1889535 2771012
413	592 604258 669278 1942718 2686307
414	444 560962 679488 1888146 2744022
415	560 555604 644012 1866459 2749937
416	518 504372 655684 1890425 2779704
417	518 516086 663844 1906771 2704253
418	444 607990 671122 1942488 2703194
419	592 575542 642414 1884787 2683671
420	560 550268 634316 1897216 2768977
421	444 547772 630054 1891918 2745106
422	518 545502 644278 1897112 2733149
423	518 604216 698770 1915669 2744123
424	444 524390 627278 1904925 2753792
425	444 539270 727652 1899481 2690431
426	592 561582 638438 1883479 2754661
427	518 532574 643108 1865701 2766940
428	444 631662 694460 1887155 2764833
429	518 536624 638130 1924067 2686398
430	444 531608 688948 1868107 2640569
431	518 614826 675898 1926819 2698837
432	444 573792 658180 1843677 2782750
433	444 496464 643952 1957591 2647671
434	444 618864 660536 1899485 2767386
435	592 494252 617358 1880890 2673107
436	444 536100 670640 1938716 2774089
437	518 556350 647468 1908959 2703438
438	444 514314 615314 1924424 2718887
439	518 554764 650308 1897435 2773104
440	518 516912 634608 1862778 2865799
441	518 526074 668872 1874208 2673507
442	444 491872 626442 1891950 2724900
443	486 532840 683522 1858237 2692782
444	518 537124 641504 1841757 2663484
445	518 555850 671928 1893677 2664007
446	518 543810 645886 1838812 2665905
447	518 527048 643456 1874500 2612315
448	560 586602 643376 1832528 2747366
449	518 628684 660750 1888696 2708318
450	444 488438 638768 1920866 2682906
451	518 537726 638974 1909283 2689920
452	444 551672 674664 1906046 2670549
453	518 519026 627048 1929924 2752016
454	518 549030 659204 1864841 2759131
455	592 516276 605384 1905403 2705957
456	444 635828 671668 1864089 2722258
457	518 551856 635310 1896766 2799305
458	518 536202 714808 1942521 2675955
459	518 548842 644850 1861761 2734079
460	518 512362 643426 1906957 2730417
461	444 610686 652990 1898333 2749662
462	518 593884 715324 1914172 2713515
463	518 497832 641832 1923235 2812473
464	518 607600 663882 1856507 2722766
465	518 562148 693172 1888824 2721431
466	444 502322 645534 1931792 2680803
467	444 623910 656150 1947895 2718919
468	444 517098 664642 1886784 2692727
469	518 528982 647538 1900216 2814308
470	518 618828 664452 1924936 2758823
471	486 563810 638838 1896730 2725447
472	518 588096 695158 1894294 2677279
473	444 513376 626256 1942382 2789261
474	518 555722 634344 1897060 2753014
475	518 557414 653262 1935188 2788883
476	486 571088 717212 1900792 2776082
477	518 525300 641774 1937505 2727841
478	518 531472 638194 1905741 2702161
479	518 543286 657842 1885251 2846619
480	444 617588 711220 1894384 2719973
481	518 523176 635582 1866422 2756606
482	518 543344 649396 1881747 2761620
483	444 487108 637678 1852786 2709718
484	518 537990 666544 1906515 2656458
485	518 495476 657416 1895238 2766775
486	444 541832 670136 1870221 2716909
487	518 578224 637582 1856392 2661870
488	518 537868 677366 1909188 2711594
489	444 532214 636508 1877407 2695737
490	518 536812 680434 1875112 2717133
491	444 566018 656214 1880970 2769585
492	518 538654 648620 1845314 2684968
493	518 546548 655152 1880323 2668196
494	518 532572 628744 1866901 2755163
495	518 579374 643314 1907613 2639952
496	444 562380 621678 1813795 2724334
497	518 586192 669430 1888253 2622921
498	444 516524 604572 1850034 2774621
499	592 615806 643690 1884667 2590193
500	486 549802 613494 1922528 2734921
501	518 559452 659740 1867534 2652818
502	444 547896 690210 1885269 2721166
503	518 530714 604976 1879715 2748993
504	444 569180 660464 1933324 2738518
505	560 566008 669554 1867703 2670965
506	370 554792 605938 1887418 2807034
507	518 584540 636462 1879952 2691618
508	518 556620 703774 1895714 2743616
509	518 531800 642412 1907715 2740710
510	444 600434 672758 1923083 2720805
511	444 542218 639462 1938097 2740057
512	444 537070 710196 1892710 2713503
513	518 565190 639688 1910231 2772993
514	518 516702 656436 1922402 2827945
515	444 582444 658434 1903224 2763481
516	444 600234 687032 1902959 2716723
517	518 560884 726186 1841748 2763642
518	444 497576 644456 1920135 2723802
519	518 604378 668462 1920165 2753338
520	518 544004 637000 1974821 2711776
521	518 546806 634812 1905139 2764907
522	518 542770 631916 1904629 2804546
523	518 549730 649108 1937242 2781202
524	592 570278 687654 1883073 2839193
525	444 538978 605348 1912784 2740715
526	518 631382 710774 1849337 2713998
527	444 553930 616602 1915177 2780937
528	486 513716 619574 1878443 2756348
529	518 445770 624478 1915607 2671061
530	444 446788 647222 1912251 2725853
531	518 629870 641816 1878755 2764668
532	518 516462 581086 1873544 2732905
533	560 627818 672568 1913218 2712516
534	444 526226 709430 1718832 2700335
535	518 503274 658418 1815747 2719250
536	518 568522 719160 1893356 2771484
537	518 636776 651768 1881067 2464888
538	518 491612 615686 1950299 2668427
539	518 529678 580026 1847810 2690818
540	518 495390 617050 1918724 2754155
541	444 543440 666710 1969189 2762265
542	444 539280 680506 1913969 2655353
543	518 544158 672572 1888601 2785428
544	444 534598 648550 1724787 2850638
545	518 600656 650360 1745053 2754065
546	444 505112 660228 1912816 2692293
547	518 608886 664186 1951411 2493903
548	518 597032 668612 1931886 2525381
549	444 520180 642740 1989633 2753047
550	592 538280 657086 1989850 2878513
551	592 600682 669724 1893053 2771836
552	444 577142 634250 1959528 2869232
553	592 519510 695362 1959526 2804689
554	444 502266 636768 1986175 2850423
555	444 613842 669496 1941464 2825064
556	560 547262 688780 1941761 2761652
557	518 519464 603686 1900109 2812504
558	518 579074 714300 1944875 2798101
559	370 591980 636146 1905554 2829668
560	592 615556 739702 1938593 2733232
561	560 511140 636272 1912485 2784830
562	518 556754 650630 2004199 2790321
563	444 591730 652530 1896212 2783303
564	518 561396 630316 1962974 2833338
565	518 546930 699378 1941041 2811224
566	444 625416 670010 1969192 2803311
567	518 597028 694026 1910923 2822170
568	444 539118 656588 1932965 2790357
569	518 539800 669658 1900777 2782231
570	370 594884 683582 1944165 2840121
571	518 489662 637050 1949625 2746331
572	592 611542 695362 1935410 2716943
573	444 636560 667916 1938791 2818813
574	518 591820 655862 1881542 2778575
575	444 533592 626250 1936925 2749360
576	518 537064 638068 1906744 2870311
577	518 545934 681264 1959617 2692363
578	444 539140 640338 1941059 2779303
579	444 569282 686004 1886318 2761538
580	518 528384 671128 1894018 2807223
581	444 549596 634896 1968386 2709694
582	518 617566 662030 1867862 2769899
583	444 567676 669368 1929621 2741941
584	444 530670 642078 1898904 2761527
585	560 628956 661268 1933449 2707649
586	444 503748 602946 1960063 2785857
587	592 542064 691182 1894535 2721793
588	518 608998 657014 1950792 2844608
589	518 566688 671792 1924936 2784239
590	486 537270 645580 1944570 2695191
591	518 542580 700980 1955424 2806868
592	518 530352 606870 1880705 2774659
593	518 644486 658848 1934160 2807534
594	518 571564 654892 1885168 2838642
595	518 561996 625290 1888863 2710678
596	444 566920 687746 1964264 2745870
597	518 585876 669658 1911247 2754096
598	518 533294 605206 1957566 2676236
599	518 631526 653044 1895278 2806276
600	518 572394 659532 1905990 2775070
601	444 515012 645482 1880549 2738010
602	518 600310 672498 1904318 2832901
603	444 546980 638910 1936063 2737367
604	518 535280 637600 1897284 2732448
605	444 579608 652184 1959255 2710804
606	444 572766 623056 1896453 2805347
607	518 528924 650994 1932936 2743438
608	560 620110 656064 1897827 2767015
609	518 529446 630594 1905543 2714834
610	518 534432 667122 1914041 2841280
611	518 632958 651192 1921567 2751861
612	444 576316 684022 1861244 2689650
613	518 543082 625688 1923276 2782686
614	444 532970 689852 1916215 2818554
615	518 576180 662130 1939392 2657453
616	444 555380 634954 1936237 2796824
617	518 546568 669822 1930576 2721580
618	518 499124 629926 1892904 2798551
619	518 542676 734982 1924744 2768591
620	518 544742 661458 1895248 2794055
621	518 499408 660088 1953199 2805782
622	444 619804 659464 1856557 2728293
623	592 554226 615418 1912346 2704427
624	444 525698 643310 1904622 2783014
625	666 565098 645744 1882510 2693371
626	370 543480 642414 1869748 2739848
627	592 580290 652692 1879970 2708299
628	444 523914 640296 1901137 2779200
629	444 604164 648230 1876066 2678225
630	518 562766 644826 1872726 2775297
631	486 519370 643822 1886801 2717939
632	518 603730 671772 1886331 2703941
633	518 531290 632964 1923642 2722200
634	518 543504 644346 1875157 2671041
635	444 622236 663422 1892773 2719174
636	634 535670 640882 1913237 2741982
637	444 535904 684918 1941957 2735613
638	518 635036 671312 1906830 2752036
639	518 560700 631330 1912338 2685244
640	444 544878 641412 1949009 2781491
641	444 572792 688732 1863586 2791952
642	444 587666 635138 1940991 2787757
643	518 558990 641020 1935368 2792314
644	444 625730 644342 1932984 2732224
645	518 547948 645680 1914953 2746466
646	518 537412 650900 1863800 2764863
647	518 616122 628718 1915028 2757049
648	444 558016 656478 1948334 2753068
649	518 515684 659428 1922192 2653158
650	592 620900 653498 1886958 2816985
651	444 545086 705910 1939488 2770828
652	518 513844 642442 1908445 2767626
653	518 622514 700022 1891731 2724955
654	560 628144 668634 1953724 2732605
655	518 578298 636028 1918638 2753601
656	444 542480 639578 1905141 2759853
657	518 567710 662368 1929368 2799706
658	518 564496 672102 1955441 2751080
659	592 552978 648970 1951737 2767097
660	444 583226 638820 1923037 2845075
661	518 583182 658268 1929092 2738718
662	518 547720 641422 1929710 2805383
663	518 623518 654516 1880723 2746492
664	518 511332 636592 1918410 2819128
665	444 542164 669492 1962329 2735614
666	444 553590 657840 1921765 2737456
667	518 535342 664822 1855796 2814984
668	444 576196 651572 1924427 2803141
669	518 534956 624360 1864337 2719594
670	444 543770 684146 1883316 2714875
671	518 546154 644400 1905834 2803930
672	444 552178 645170 1867630 2654037
673	444 600040 652786 1915624 2752900
674	518 570350 660810 1883805 2700326
675	518 545576 643940 1880309 2732077
676	592 547214 685050 1926845 2745970
677	518 542938 593434 1917075 2740535
678	486 628656 665930 1894973 2767063
679	518 554582 646452 1919794 2792986
680	444 542658 653474 1896630 2666076
681	518 533032 641762 1901457 2714717
682	518 618862 671032 1890412 2797554
683	560 549596 651792 1861785 2709636
684	592 541586 647002 1959910 2728379
685	518 518444 629770 1924505 2790826
686	444 563754 717352 1929109 2700412
687	518 617966 646070 1896586 2778408
688	444 544746 611610 1890113 2763928
689	444 538006 640754 1914078 2699487
690	518 635826 642452 1880628 2751330
691	444 569688 731336 1894836 2706844
692	518 495152 609986 1938393 2798321
693	444 626272 736128 1930989 2719797
694	518 569326 629944 1875890 2744697
695	518 539704 642400 1922559 2795236
696	444 605790 637294 1963843 2759274
697	518 559140 717350 1919946 2677927
698	518 558454 645586 1950766 2812690
699	444 610112 630240 1927377 2790022
700	444 530348 630142 1910188 2750031
701	486 544452 650534 1931063 2801652
702	518 623168 684100 1871805 2770771
703	518 559594 669658 1921636 2701300
704	592 541662 652160 1948982 2774491
705	444 559776 629104 1826004 2763025
706	518 511730 638048 1942151 2708773
707	444 544182 692152 1927037 2788611
708	444 515974 629698 1932503 2653522
709	518 546418 670066 1902341 2720800
710	592 549352 692214 1890571 2788932
711	444 504042 644154 1884345 2781167
712	518 562812 739000 1905039 2701923
713	444 542616 621530 1816528 2766875
714	518 556738 666262 1949535 2727442
715	518 525454 604896 1893036 2692246
716	592 615548 662188 1908197 2730527
717	444 524840 666298 1911969 2741226
718	592 535000 640622 1941136 2704476
719	518 615688 791802 1932481 2727599
720	444 687408 730538 1931085 2739005
721	518 659252 883974 1894783 2794751
722	518 621232 808686 1941939 2744169
723	518 628718 796624 1963554 2805363
724	560 624082 788722 2208832 2764558
725	518 692284 757370 2171041 2737204
726	518 507176 702968 2293602 2847600
727	518 633106 783390 2388723 3057287
728	444 612914 643338 2085874 3125708
729	486 597022 648168 2193670 3135250
730	518 598938 726456 2255967 3253665
731	518 630648 763108 2080060 3003840
732	592 617648 734648 1900476 3238668
733	444 611734 787218 2211532 3095741
734	518 641010 697376 2047292 2986186
735	444 561072 757204 2179696 2728210
736	444 620436 712292 2195485 3070287
737	444 529496 726964 2156042 2960069
738	592 541696 641410 2064110 3169688
739	444 639322 767106 2315381 3098822
740	518 579380 714946 2145868 2960135
741	518 618916 734436 2123784 2948707
742	444 623490 743736 1888744 3331389
743	518 641742 721222 1971861 2986574
744	518 632692 769724 2019996 3004662
745	518 582200 712184 2200936 2815840
746	444 636580 743694 2061186 2816553
747	486 634328 713964 2314472 2893761
748	518 625470 734520 1965106 3099224
749	518 630072 682994 2175170 2955913
750	518 614386 671772 2227961 3316221
751	592 631020 661718 2068581 2943256
752	518 633442 732410 2082339 3070781
753	518 605382 740286 2033866 3222750
754	444 634466 726482 2068122 2944019
755	518 634742 717212 2059822 2964234
756	518 623024 763078 2030216 2898468
757	518 631298 739692 2055331 2884252
758	444 628872 742818 2282884 2967945
759	592 603664 773280 2076103 2984613
760	592 641010 814854 2043655 2923989
761	444 617202 814146 2222728 3260206
762	518 623470 786810 2261229 2922373
763	518 627738 636274 2099896 2930830
764	518 624426 717774 2282128 3170184
765	518 636364 721460 2336486 3111310
766	444 717386 737718 2076643 3019508
767	518 616220 730134 2081369 3135504
768	444 598248 683648 2076530 3236787
769	518 639428 734736 2031779 3142620
770	444 624534 726872 2285203 2987339
771	486 645322 773974 2140745 2947347
772	592 606718 643044 2084483 2962361
773	444 622404 714808 2044853 3327198
774	444 627298 665520 2232329 3027430
775	518 636420 700004 2072538 3048078
776	560 583922 744630 2071185 2906334
777	444 540352 709228 2063714 3212908
778	444 719100 772792 2031416 2957452
779	518 540044 721142 1959671 2946786
780	518 643520 791716 2070323 2968190
781	592 612964 648850 2075775 2865097
782	444 642374 792698 2076094 2822555
783	518 726656 774212 2289328 2996189
784	518 576724 710772 2037400 3028131
785	444 621584 718540 2081451 2930015
786	518 637130 761098 2056162 3144395
787	444 612640 769278 2170009 3009900
788	444 620434 725912 2265090 2992255
789	444 635498 692404 2170559 2908729
790	444 583582 639276 2166628 3104452
791	518 505958 630642 2064472 3260072
792	592 537108 717808 2253524 3138259
793	444 538850 659114 2158845 3151324
794	486 504182 641594 1986656 2883449
795	518 532412 698448 1905056 3219401
796	444 542464 663978 1876341 3041924
797	518 567158 651344 1898228 2900736
798	444 607424 703670 1882304 2743342
799	518 521314 627580 1905956 2665953
800	592 539384 654288 1834074 2793149
801	444 547580 670640 1930109 2688086
802	518 528234 602500 1889618 2758999
803	518 557148 661082 1918863 2686232
804	444 432474 634226 1947950 2699611
805	444 427560 546850 1896787 2768300
806	592 557342 654256 1915455 2827664
807	444 537970 601950 1882172 2758771
808	444 531314 642292 1928510 2708534
809	592 545228 686776 1607111 2735401
810	370 515144 624650 1631874 2809237
811	518 637542 649140 1735373 2692791
812	518 642300 715828 1889318 2527298
813	592 514194 639350 1875531 2325063
814	444 557222 641534 1938810 2437299
815	444 633410 653888 1903933 2718484
816	592 613482 643682 1927779 2711743
817	486 502054 643954 1937941 2745092
818	518 520492 685604 1930475 2812288
819	518 607202 667634 1934317 2782461
820	444 543530 649268 1945022 2791423
821	444 520936 657572 1939250 2755809
822	560 614448 685306 1956507 2788058
823	518 529236 645832 1939920 2808157
824	444 559036 684530 1889227 2706606
825	518 513460 661182 1924210 2819508
826	518 593826 726570 1908864 2748124
827	444 499752 632018 1906728 2735883
828	518 565954 776492 1917523 2814206
829	518 569020 631296 1931371 2667015
830	444 544084 674678 1926632 2772010
831	518 551904 647910 1908253 2753543
832	444 521650 661850 1952126 2742781
833	518 622890 666950 1934515 2802930
834	518 641760 720886 1923561 2723644
835	518 502948 550546 1929874 2822034
836	518 641872 710964 1947332 2866897
837	518 514682 660412 1938922 2746552
838	518 530342 726376 1904863 2739048
839	518 547932 666080 1987777 2822561
840	486 563604 633438 1943007 2772050
841	518 542202 645472 1864030 2715295
842	444 529802 642520 1912618 2903044
843	518 553552 662836 1923155 2726976
844	518 622450 641214 1915804 2783559
845	592 623610 732790 1853279 2700172
846	444 532068 570388 1875958 2772004
847	444 616250 651258 1888430 2667271
848	592 533304 640424 1952006 2682917
849	518 549080 674620 1898941 2792252
850	518 466144 612846 1947386 2726929
851	518 585090 685600 1881284 2753544
852	444 506096 634276 1890136 2784075
853	444 559162 624704 1894489 2743009
854	518 464182 583526 1882739 2728661
855	592 527694 599666 1897273 2718691
856	444 517018 580026 1877252 2771695
857	518 544704 643544 1853501 2676097
858	444 507898 660346 1745606 2771568
859	518 569310 687796 1734770 2712070
860	518 567578 667770 1705216 2688051
861	444 509674 626490 1835382 2467834
862	518 550672 653328 1842416 2562593
863	518 616628 651440 1855545 2454109
864	486 534522 612652 1877688 2582291
865	518 552464 682746 1903575 2686939
866	518 615732 674162 1881088 2706335
867	518 531802 641274 1940110 2719819
868	592 494804 660650 1961958 2709069
869	560 604126 667940 1908032 2745611
870	444 545296 624622 1921238 2757786
871	518 559728 659080 1882611 2788294
872	518 547706 702036 1973654 2783911
873	370 521878 659804 1907174 2767824
874	518 580028 734652 1919067 2750962
875	518 506478 645114 1900447 2828075
876	518 537280 656416 1891263 2767585
877	444 494898 633012 1889042 2769214
878	518 558978 698948 1904782 2720986
879	518 516070 547116 1896814 2821856
880	518 535358 691830 1875831 2659920
881	518 605340 643776 1922223 2714222
882	518 519088 631994 1878717 2737161
883	444 535930 665656 1857403 2774672
884	444 495858 621536 1867296 2668636
885	518 557644 693852 1861289 2727420
886	444 506192 680826 1922662 2697555
887	560 513476 644324 1909084 2704166
888	370 637802 684914 1876857 2663002
889	592 539260 623670 1878624 2803462
890	592 536792 660052 1847881 2687870
891	444 543304 619752 1912592 2790154
892	518 535820 644852 1888406 2695013
893	444 622016 668554 1875987 2709089
894	518 535340 664662 1890228 2719354
895	518 546462 653042 1936625 2721104
896	518 509366 672502 1870429 2677212
897	518 506024 661122 1887440 2803823
898	592 626682 669876 1906786 2773486
899	444 520888 630468 1932539 2732598
900	518 540402 657328 1893171 2694791
901	444 560912 647224 1886305 2800881
902	444 533050 628172 1850949 2727204
903	592 612774 673600 1886663 2767422
904	444 500196 633130 1901171 2716300
905	518 517226 670598 1902143 2647232
906	444 616248 701880 1927394 2753836
907	518 523892 607402 1856469 2687972
908	518 540072 643402 1850735 2761170
909	518 628298 659128 1925459 2789802
910	486 513328 618528 1872710 2727753
911	518 535566 647780 1953143 2666564
912	444 508864 631000 1907839 2695249
913	444 563626 653572 1916509 2821864
914	444 536124 669046 1889142 2720071
915	486 492282 628082 1881272 2773130
916	518 622106 685938 1933721 2744613
917	518 494958 635580 1884809 2760833
918	444 537346 648186 1917669 2674881
919	444 516424 634918 1871707 2749581
920	518 542594 641984 1887718 2811160
921	444 514022 631954 1875976 2731511
922	518 536820 646584 1887244 2672311
923	518 519384 623970 1899580 2706350
924	444 532148 652848 1874304 2744762
925	518 510794 637910 1906947 2735439
926	518 537392 674472 1815938 2658490
927	518 579960 631512 1866430 2702792
928	444 566080 627646 1902863 2722398
929	592 542356 642698 1860647 2685997
930	518 521900 613030 1910417 2741239
931	444 541892 687908 1872084 2665908
932	518 545094 655994 1871877 2698527
933	486 529570 643820 1892499 2788868
934	444 494764 636528 1917302 2710398
935	518 583984 688012 1904496 2687199
936	518 547238 674682 1896868 2704100
937	518 523816 614244 1874838 2777883
938	518 547406 694074 1848628 2746353
939	518 514028 659560 1880207 2696918
940	444 570168 642778 1878621 2719379
941	444 536696 699232 1890742 2748929
942	444 527380 628430 1918016 2703662
943	518 530118 643380 1903847 2695927
944	518 622512 706032 1909471 2748026
945	518 530724 600506 1843277 2736252
946	444 558966 690746 1942258 2787186
947	518 625344 650276 1958244 2678164
948	518 526938 642756 1911953 2752127
949	518 551386 645858 1923486 2757480
950	518 559614 638476 1875489 2797504
951	518 568342 604752 1948448 2838429
952	444 622054 724924 1912605 2760071
953	444 528564 638952 1899744 2679770
954	444 559102 667784 1884476 2765994
955	518 503464 637676 1898385 2770496
956	518 555716 701854 1899954 2758608
957	708 517618 628072 1936693 2746582
958	444 542266 643706 1880922 2802554
959	592 514604 665518 1845869 2697110
960	444 549358 666292 1856466 2776808
961	592 531100 644178 1866348 2709552
962	560 544294 617764 1894772 2703662
963	518 555508 643246 1908656 2649618
964	444 549712 651580 1875980 2758522
965	518 515784 630628 1946011 2730839
966	592 560768 644548 1847546 2735840
967	444 533880 643400 1866253 2779646
968	518 558790 635956 1883677 2588838
969	518 539314 651834 1931648 2671535
970	518 525164 612858 1902169 2680298
971	518 542262 732216 1844730 2760597
972	444 545632 632548 1885752 2799145
973	518 541208 640728 1861204 2684585
974	518 612916 649566 1873888 2634353
975	444 529984 638550 1871889 2770284
976	518 547032 674038 1922829 2689201
977	444 544058 658686 1839185 2658234
978	518 541470 645962 1921234 2773135
979	444 508986 677064 1895108 2644054
980	560 535852 688510 1860722 2712372
981	444 476564 630688 1940371 2733752
982	518 541680 692412 1848370 2755106
983	444 624122 649396 1890669 2733404
984	592 572084 621108 1898411 2736927
985	518 524756 644920 1831629 2783354
986	444 630628 643442 1880940 2724011
987	518 534642 641486 1869860 2631564
988	444 534062 639218 1885357 2712869
989	518 520836 701814 1966080 2706851
990	444 524082 645464 1890962 2740223
991	518 531644 662298 1894719 2693828
992	518 546076 680792 1894732 2846789
993	444 616030 639974 1921058 2761177
994	518 505458 639340 1905116 2669851
995	444 578500 695670 1894149 2732362
996	592 478326 570692 1862875 2801064
997	444 537950 736696 1944177 2759880
998	518 634008 654194 1881771 2762091
999	518 489512 649930 1892681 2684595
1000	518 541806 640134 1881967 2702809
1001	518 533792 654780 1874338 2789592
1002	444 452838 561164 1862385 2752794
1003	486 507564 539738 1880673 2660628
1004	444 537166 698564 1866594 2749112
1005	518 512998 539574 1912236 2689087
1006	518 542674 597746 1823915 2712637
1007	518 533580 645276 1739442 2712897
1008	560 555690 604518 1627987 2769321
1009	518 542408 664248 1702502 2592582
1010	444 502172 644962 1756022 2492061
1011	518 537006 706740 1846057 2375644
1012	444 516892 645924 1850430 2484125
1013	518 540010 622782 1865196 2427111
1014	518 567920 643968 1912633 2727090
1015	518 543646 668282 1849579 2613677
1016	518 513212 645358 1861665 2691716
1017	518 507308 634652 1883893 2713642
1018	444 546576 654726 1857572 2742271
1019	518 539822 592684 1846025 2683795
1020	518 552728 633334 1878729 2623679
1021	444 578426 636216 1879721 2707253
1022	444 543454 647088 1870881 2683781
1023	518 536940 638272 1863065 2722925
1024	444 584752 638446 1797104 2756187
1025	518 539880 669722 1905497 2664927
1026	634 563132 643504 1858203 2636084
1027	592 619032 639388 1877206 2604581
1028	518 639200 725946 1867792 2773729
1029	518 559462 717216 1852987 2692088
1030	518 563792 752188 1900711 2662502
1031	444 602770 726798 1872335 2725293
1032	518 627782 699906 2049230 2664610
1033	518 628188 788054 2059274 2699991
1034	518 627248 740110 2023047 2769269
1035	370 634866 646618 2082508 2950383
1036	518 589616 723640 2194983 2871966
1037	518 625262 738770 2094501 2976032
1038	444 597682 663776 2032936 2957517
1039	592 648328 778630 2182665 3071833
1040	518 735786 779002 2101218 3071935
1041	444 638946 701864 2161339 2924350
1042	518 576164 669658 2011621 2972014
1043	592 630976 836086 2115392 2958408
1044	518 634128 770682 2206675 3003312
1045	592 622234 742278 2337388 2987921
1046	518 601836 720260 2232768 3042537
1047	444 644738 775992 2068592 3024357
1048	518 642880 758144 2096024 3364165
1049	444 615694 820834 2330001 3121464
1050	486 621096 786172 2284163 3000891
1051	518 637002 773332 2038842 2946202
1052	518 630032 810840 2103572 3287972
1053	444 628264 729200 2331731 3114138
1054	518 625968 737980 2021639 2898988
1055	486 635948 665974 2342748 3026915
1056	518 616660 773280 2434364 3229466
1057	444 634276 813914 2021147 2989158
1058	518 608378 824124 2057330 3241533
1059	518 640292 719726 2133135 3292011
1060	444 635544 662286 2068643 3031490
1061	518 635260 645320 2036749 2849129
1062	444 557078 718644 2338307 3083450
1063	518 633578 728138 2159299 2870725
1064	444 645036 773280 2015590 2986007
1065	518 604194 732478 2014795 3240092
1066	444 555066 733336 2101935 3031423
1067	518 550484 757176 2002530 2883042
1068	518 637770 719040 2036226 2891843
1069	518 617324 738194 2059954 2952909
1070	444 598320 684204 2158453 2873195
1071	518 610564 781836 2013645 2901714
1072	444 625888 773280 2088878 2993342
1073	634 623012 835308 2330907 2947646
1074	370 614604 882244 2059327 2924234
1075	518 533318 758492 2001911 2989958
1076	370 623442 808948 2011582 3337363
1077	518 619478 683648 2123595 3040096
1078	518 600064 706312 2348907 2964704
1079	592 539062 658826 2082581 2890215
1080	518 630706 732534 2425137 2961133
1081	444 629358 713706 2073707 3295545
1082	444 620336 687800 1985749 3059554
1083	518 590018 717474 2039556 3320810
1084	444 602382 702794 2071281 3109726
1085	592 622786 694906 2063941 2938748
1086	518 635158 810770 2243023 2922932
1087	444 604696 737278 2030541 2876422
1088	518 517790 704278 2039255 2983548
1089	518 630080 751032 2041928 3084005
1090	518 612892 672104 2030371 2938370
1091	370 628078 760032 2078288 2904102
1092	518 610492 709756 2328370 2941185
1093	518 615354 725726 2088139 2968095
1094	518 608446 700078 1999043 2983832
1095	592 644106 724390 2103902 3283360
1096	560 639872 764096 2098823 2951582
1097	518 625924 721580 2136710 2960976
1098	518 642904 744734 2067588 3020060
1099	518 699142 752468 2087906 2987937
1100	444 703552 746948 2014509 2994853
1101	560 606082 777486 2100434 2881246
1102	444 643618 754862 2055320 2998849
1103	518 578942 645494 2285578 2984979
1104	518 627936 749814 2208654 2997844
1105	518 661078 828276 2300660 2938821
1106	518 590256 741066 2326590 3242143
1107	518 597718 707884 2018395 3116409
1108	444 552026 643960 2066875 3249234
1109	518 632854 734902 2107361 3212911
1110	444 615328 773280 2240833 2915398
1111	518 641314 728526 2136458 2936020
1112	444 595938 734398 2143364 3035036
1113	444 618580 722502 2090275 3149478
1114	444 620534 710196 2017140 2966287
1115	518 620798 658506 2083469 3008563
1116	518 595628 686706 2138494 2991328
1117	666 619426 656530 2138117 2886829
1118	592 627228 773180 2111213 2987222
1119	486 641636 650486 2032176 3039243
1120	444 605762 770838 2025748 3011968
1121	518 635554 786620 2031411 2957046
1122	518 614636 803366 2069629 2881623
1123	444 631336 730898 1984300 2912921
1124	444 626258 720338 2052188 2920711
1125	518 624444 725816 2104987 2942853
1126	518 634374 684018 2250081 2906896
1127	518 644794 753142 2318619 2981385
1128	518 733506 904902 2144365 2938862
1129	518 614328 734112 2028548 3146782
1130	518 651700 731562 1984531 3216463
1131	518 574838 730684 2219870 3017317
1132	444 635694 769656 2105451 2888251
1133	444 699204 744724 2367175 2919168
1134	518 536116 716332 2325712 3027625
1135	518 616260 779708 2035089 3090915
1136	444 644094 737236 2063121 3255103
1137	444 591272 720628 2114018 3225162
1138	518 635750 650692 2163885 2934530
1139	592 574196 645234 2137628 3036817
1140	518 634708 774148 1977266 2966277
1141	444 632952 717132 2256525 3127876
1142	370 684210 773280 2173657 2893707
1143	560 613230 727162 2003005 2915055
1144	518 620108 722100 2094875 3199567
1145	592 611384 709890 2019719 2986360
1146	518 599728 773280 2300534 2966777
1147	592 636756 773280 2065105 2932486
1148	486 639160 798768 2192552 2893234
1149	518 542184 801794 2076185 3212750
1150	444 542298 729650 2086575 2888917
1151	444 645868 706510 2050837 3133310
1152	518 513596 637608 2102742 2980381
1153	370 499884 635588 2298767 3020385
1154	518 542776 682428 2065647 2888528
1155	444 599616 684340 2058028 3116531
1156	518 523024 541450 2131112 3172217
1157	518 642844 669748 2121857 3032228
1158	518 545054 629592 1853636 2911994
1159	518 516386 662636 1852847 3058208
1160	444 607746 676342 1888796 2937311
1161	518 524038 637976 1865542 2719086
1162	444 535098 657636 1908390 2710468
1163	518 526248 653264 1916038 2686536
1164	518 546666 694738 1907929 2687568
1165	518 561340 641840 1880940 2776262
1166	486 569622 634294 1926904 2743870
1167	592 518010 645934 1876355 2742934
1168	518 627230 668984 1918675 2751655
1169	444 516494 637062 1883948 2754309
1170	518 541764 643496 1924735 2794477
1171	444 589622 645424 1885003 2748990
1172	518 537424 644974 1921453 2740208
1173	370 544258 669814 1900867 2754214
1174	444 534620 603518 1892825 2769258
1175	518 614968 653990 1859612 2724507
1176	444 570582 657352 1895314 2715615
1177	592 542782 600182 1896491 2700695
1178	444 608366 656220 1860512 2733421
1179	444 530930 645808 1870612 2695786
1180	444 506280 623854 1885078 2770318
1181	518 538126 661558 1927971 2657967
1182	444 537716 613706 1889675 2741202
1183	592 553108 688802 1925414 2714739
1184	444 537526 639042 1878384 2765632
1185	592 558118 670194 1855319 2716818
1186	444 628876 643248 1870639 2762984
1187	444 507056 652320 1858444 2714552
1188	518 547596 652922 1839241 2706385
1189	486 556692 629310 1888327 2743835
1190	444 539068 643314 1856872 2670003
1191	444 583910 643226 1887285 2638240
1192	518 514674 578030 1877256 2678407
1193	444 630708 686606 1840961 2659503
1194	560 525866 682936 1895885 2715629
1195	444 552616 645234 1875228 2752059
1196	518 570858 641704 1842147 2667953
1197	518 519168 647846 1889197 2691508
1198	444 604402 643310 1855143 2710342
1199	518 581226 632564 1834863 2694632
1200	518 552426 669878 1894283 2743765
1201	444 549462 689318 1857299 2669900
1202	518 502952 643360 1832450 2660907
1203	444 583208 723536 1910618 2715123
1204	444 545122 581326 1868391 2631884
1205	518 633616 648382 1900803 2654721
1206	518 514158 642042 1946679 2711405
1207	444 536830 643044 1878305 2765766
1208	444 545738 637516 1870111 2754892
1209	444 532718 644656 1884920 2752663
1210	592 578944 659152 1897767 2728990
1211	518 540930 669506 1900907 2712662
1212	444 510102 555160 1880997 2804722
1213	518 561756 647348 1859203 2735752
1214	444 509654 645844 1923442 2692277
1215	444 557402 668530 1854347 2778066
1216	444 545526 643632 1864733 2698135
1217	518 554500 633374 1845898 2732028
1218	518 606760 660528 1871675 2674179
1219	444 494114 631126 1865974 2619609
1220	518 571356 669658 1906747 2673842
1221	486 511664 661916 1873196 2723704
1222	592 528032 641632 1905046 2635462
1223	444 559528 651068 1883457 2777994
1224	444 515190 607274 1846799 2737742
1225	444 628658 702394 1877099 2677813
1226	518 526668 645436 1869909 2655725
1227	634 534582 661596 1956450 2690043
1228	518 511978 633136 1893413 2704585
1229	444 532938 720118 1881504 2753766
1230	518 508778 670034 1915182 2754731
1231	444 504696 715700 1826464 2821120
1232	444 553462 643060 1888445 2750078
1233	518 544560 605312 1860777 2703299
1234	518 577024 673588 1891584 2608571
1235	518 601566 693902 1871082 2708168
1236	444 555472 628830 1886097 2740504
1237	518 568484 644566 1900995 2663547
1238	518 614808 648660 1930704 2722257
1239	518 538784 660726 1953856 2769693
1240	444 527936 684216 1916362 2776759
1241	518 488046 637652 1874376 2721900
1242	518 539808 658170 1938157 2817985
1243	518 514822 629644 1904538 2718364
1244	518 616460 649246 1920221 2766504
1245	444 544018 580978 1883002 2801776
1246	518 536812 663600 1886851 2693299
1247	444 569316 635374 1884072 2773205
1248	560 539384 642404 1894914 2710796
1249	518 615648 662780 1836193 2714120
1250	444 505132 646606 1861147 2776408
1251	518 539028 643124 1885171 2695707
1252	518 606188 729916 1907045 2608587
1253	592 539048 635464 1897439 2758643
1254	444 539754 667926 1889121 2661023
1255	518 524414 627270 1904037 2782930
1256	444 540026 641600 1864296 2775556
1257	444 638108 708332 1932212 2741598
1258	518 622742 630452 1901141 2721928
1259	444 521040 617362 1892869 2696327
1260	518 561316 637146 1840015 2764414
1261	444 564078 655416 1975627 2744911
1262	444 536994 625732 1900613 2768883
1263	592 613232 671792 1906803 2683353
1264	518 505996 622450 1910058 2770627
1265	444 540982 634554 1864405 2775549
1266	560 564106 613540 1879691 2684319
1267	518 524888 696054 1893100 2720815
1268	518 560034 643962 1940580 2730611
1269	518 510136 690624 1895803 2705475
1270	444 532414 664062 1930683 2798677
1271	444 504214 645924 1906243 2752790
1272	518 599344 662632 1861252 2699476
1273	518 533010 631562 1918857 2798869
1274	486 614184 671276 1954578 2731923
1275	444 504508 629622 1921079 2692203
1276	592 515622 705744 1867744 2717066
1277	518 616842 708310 1926107 2783268
1278	444 491568 600356 1931607 2819044
1279	444 562764 671542 1923053 2730104
1280	592 539640 610616 1913867 2768662
1281	444 540354 636526 1954868 2793165
1282	518 575258 631838 1956823 2826070
1283	592 531966 646128 1879929 2670259
1284	444 582294 731708 1860393 2848684
1285	444 567344 649124 1892331 2810351
1286	518 577882 651216 1866152 2724782
1287	518 532356 595242 1865979 2689126
1288	444 530782 653060 1863814 2738285
1289	518 557880 671408 1908368 2649704
1290	518 558484 652268 1910253 2732998
1291	518 544020 658852 1887898 2752927
1292	444 607488 631864 1933946 2720715
1293	444 482010 662526 1892041 2743756
1294	444 529450 695428 1916751 2725319
1295	518 543236 661218 1895714 2786096
1296	518 527842 649032 1921258 2739415
1297	444 533340 660904 1892587 2749655
1298	592 546190 664310 1932145 2736829
1299	518 517812 639130 1923355 2740227
1300	592 630466 654652 1907820 2755916
1301	486 499736 635602 1910759 2811535
1302	444 562164 646716 1872154 2772819
1303	518 557156 643438 1931383 2727364
1304	444 541062 607886 1876161 2736444
1305	444 539508 689340 1908450 2692471
1306	486 587070 611926 1918830 2783893
1307	518 543448 635304 1911668 2682482
1308	518 535570 658140 1896780 2754402
1309	444 625832 651458 1905205 2743275
1310	444 500586 636144 1956128 2783135
1311	518 547838 658752 1929107 2680507
1312	444 619228 724160 1913286 2714340
1313	518 510636 639062 1938939 2878540
1314	518 562242 728806 1924093 2733202
1315	444 625186 661092 1919211 2769679
1316	518 527976 658432 1907683 2794172
1317	518 491348 655466 1917425 2857988
1318	444 619672 683588 1939863 2726249
1319	444 547172 628752 1899120 2691055
1320	518 547336 656980 1964060 2844780
1321	518 612292 657868 1909061 2795561
1322	444 551964 639792 1905440 2723915
1323	518 559238 739446 1903450 2802100
1324	444 486758 656658 1881231 2768688
1325	444 603128 736890 1902821 2795946
1326	444 559154 629128 1909934 2798424
1327	518 557910 640858 1944258 2664493
1328	486 598844 691574 1935957 2753287
1329	518 574706 670838 1928093 2747793
1330	444 497444 598182 1960027 2790910
1331	444 628138 730178 1903164 2864093
1332	592 488420 641056 1959172 2765105
1333	444 517504 654068 1888135 2802888
1334	444 524274 637816 1933895 2818384
1335	444 570870 671112 1923110 2807553
1336	518 536978 670084 1890196 2780253
1337	518 489074 640684 1895769 2718702
1338	444 561978 717906 1873736 2741217
1339	518 579764 643376 1888413 2692802
1340	518 534762 645658 1893307 2765435
1341	444 581198 643632 1889515 2675098
1342	370 498922 629938 1899010 2727950
1343	518 538768 691124 1911794 2745502
1344	486 564366 663980 1934098 2770153
1345	518 536328 604368 1850889 2756205
1346	444 544114 664880 1905296 2704971
1347	518 557694 653898 1908522 2815535
1348	518 535678 646718 1862036 2713182
1349	444 514190 628298 1916604 2750759
1350	444 588910 718966 1887109 2741751
1351	444 535056 645470 1885365 2636660
1352	444 534906 580586 1904627 2711382
1353	444 651390 668246 1909753 2742366
1354	518 544676 618012 1937758 2766364
1355	486 551544 648950 1860846 2770027
1356	444 622576 650944 1878178 2774216
1357	518 519136 636364 1913382 2711594
1358	444 535304 684050 1915190 2722435
1359	666 546960 670032 1887498 2715498
1360	518 512954 639280 1904139 2766850
1361	518 630428 817988 1932485 2762610
1362	518 641154 793916 1882966 2771129
1363	444 724742 761788 1908369 2710894
1364	592 684480 794898 1879768 2814759
1365	444 655610 798822 1905339 2746478
1366	518 629050 725956 1991224 2685083
1367	444 637058 754756 2311318 2776706
1368	518 618264 717876 2400584 2696719
1369	444 616218 679818 2348387 2804101
1370	518 621480 735530 2264852 3297414
1371	518 635554 759142 2108106 3465063
1372	518 643770 764546 2030550 3321380
1373	518 720638 782714 2193308 3211838
1374	444 710410 760766 2057909 3065139
1375	592 689414 804416 2003152 2857264
1376	444 695864 743368 2153566 3119720
1377	592 640804 724808 2142015 2859271
1378	444 643870 668198 2392589 2906755
1379	444 620688 680968 2249530 3005805
1380	444 584120 637244 2254254 3012148
1381	560 625486 739362 2330960 3292949
1382	592 684872 838182 2203525 3167646
1383	444 630178 774076 2024566 3240749
1384	518 689494 818916 2005871 3189776
1385	444 718342 817360 2031375 3031698
1386	444 634944 745610 2080729 2895053
1387	634 633406 730788 2089903 2909761
1388	518 618404 774666 2426387 2986896
1389	444 644048 836696 2334836 2931178
1390	444 720040 760572 2458411 3009698
1391	592 559140 740648 2099896 3379075
1392	444 601710 735488 2159463 3308952
1393	518 618898 754104 2081025 3330817
1394	444 621632 730022 2199453 3150042
1395	518 559742 699250 2358256 3061239
1396	518 645756 733048 2366311 2887378
1397	444 635032 787442 2069408 3162294
1398	518 579120 709790 2044515 3252246
1399	518 607096 753004 2035812 3228278
1400	518 612628 721396 2022702 3020234
1401	444 651982 745974 2046395 2849818
1402	518 630944 782612 2133889 2930303
1403	444 567812 722340 2301818 2830044
1404	518 567624 637348 2094584 2911151
1405	444 624676 773280 2144338 3039851
1406	518 639406 681226 1994780 3274093
1407	444 607012 647516 2228658 3049896
1408	486 640406 663034 2083001 3034264
1409	592 514982 700200 1995575 2860166
1410	518 526028 730432 2079797 3182250
1411	444 538218 692020 2073084 2951399
1412	444 515830 640178 2022078 2813340
1413	518 539314 646268 2055018 3001094
1414	518 538560 636120 2038543 2847298
1415	518 553584 683828 1887747 3010038
1416	444 560892 681974 1897546 2892793
1417	518 556668 669728 1893978 2845992
1418	518 512114 659948 1850478 2701960
1419	444 542648 633772 1879614 2737645
1420	592 559176 669722 1932124 2669260
1421	518 613184 683582 1916387 2674641
1422	518 524072 635286 1905261 2711215
1423	444 537218 684402 1900968 2810470
1424	444 625510 668856 1909739 2752110
1425	560 565390 645114 1913564 2725402
1426	518 488558 727504 1919084 2727823
1427	518 580652 725358 1879605 2745366
1428	444 547966 664310 1942722 2745377
1429	518 588022 645758 1913329 2797260
1430	444 577990 659850 1935909 2666434
1431	518 565254 640692 1940831 2780437
1432	518 531006 667678 1973910 2706263
1433	518 620446 668070 1953446 2828890
1434	518 523314 629870 1983912 2738385
1435	560 557608 681508 1973946 2869181
1436	444 587274 623744 1881539 2833183
1437	444 583380 638642 1986191 2840081
1438	518 626964 636538 1922393 2794048
1439	444 580458 640520 1886614 2788145
1440	518 527178 674996 1965334 2860758
1441	518 538928 627310 1970395 2801212
1442	444 531192 644732 1948471 2695803
1443	518 581416 643276 1915154 2862371
1444	518 617168 732666 1967798 2814365
1445	444 633434 641646 1920715 2793158
1446	444 490732 633170 1914681 2826518
1447	592 546264 706804 1941322 2727801
1448	444 532924 660402 1935208 2822127
1449	518 541444 614828 1900555 2798610
1450	444 538758 694646 1943826 2762587
1451	518 561810 644960 1938441 2790585
1452	518 537700 607602 1927140 2828903
1453	518 576444 665098 1892617 2745732
1454	592 592052 669186 1906177 2822831
1455	444 557798 627716 1942955 2732978
1456	518 531684 713462 1910050 2666537
1457	518 584734 648246 1914774 2772616
1458	444 525828 648698 1931363 2774643
1459	518 630282 730820 1961620 2713852
1460	518 615098 646072 1896230 2796996
1461	592 496168 613774 1976116 2797512
1462	560 536594 718690 1842649 2771678
1463	444 622528 650220 1941381 2764428
1464	518 504132 638408 1956734 2789977
1465	444 564596 730626 1903392 2721420
1466	518 556052 668554 1928861 2784788
1467	560 500008 613312 1904504 2775637
1468	518 538026 658122 1901392 2758154
1469	444 616624 641976 1921045 2691753
1470	518 532426 631082 1899201 2744187
1471	518 532616 644882 1976206 2798508
1472	444 620210 643000 1937146 2812353
1473	518 635868 694516 1895802 2770338
1474	518 597386 693366 1949665 2798178
1475	444 507878 617416 1880521 2746498
1476	518 537694 670470 1930891 2735123
1477	518 606014 683582 1961671 2761920
1478	518 531120 627792 1970936 2790775
1479	444 538402 684402 1920824 2710823
1480	518 615088 652786 1977604 2861567
1481	518 621852 679922 1933366 2820390
1482	518 517358 637558 1954632 2780830
1483	444 536928 799296 1911096 2737222
1484	444 489450 608358 1924010 2760237
1485	444 543582 632148 1973684 2832494
1486	518 534998 658562 1940983 2685770
1487	518 604064 683122 1965189 2753557
1488	560 486254 634070 1936291 2789751
1489	518 537608 717212 1901285 2851641
1490	444 502978 643376 1909758 2768840
1491	518 557542 661396 1906637 2739521
1492	518 597148 642824 1932080 2752262
1493	444 619474 660978 1877636 2757079
1494	518 487988 650320 1916947 2695036
1495	518 549072 725964 1885779 2727142
1496	444 610442 647632 1968727 2706213
1497	518 561948 655474 1920376 2805096
1498	592 551888 616640 1897047 2753837
1499	518 625600 687838 1926813 2820193
1500	518 605364 691322 1928694 2722697
1501	592 615388 640136 1921845 2792202
1502	592 568730 693238 1921748 2778131
1503	518 506752 601476 1986139 2777623
1504	518 640200 659310 1938996 2794360
1505	444 625870 684402 1958461 2760653
1506	518 568166 652006 1945208 2803969
1507	518 518054 637690 1911312 2828731
1508	444 583992 622834 1970353 2825423
1509	518 624524 657406 1921370 2759496
1510	592 618486 740028 1967734 2784436
1511	444 571934 622908 1986952 2880850
1512	592 568434 642124 1904991 2745073
1513	444 579760 645138 1942129 2831664
1514	444 605108 690112 1938060 2863199
1515	518 526318 633852 1945702 2691128
1516	634 535642 645758 1953927 2825644
1517	518 630270 671094 1948631 2835939
1518	518 571060 689906 1924104 2814821
1519	444 513770 645680 1934001 2728716
1520	518 581292 645940 1955888 2791416
1521	444 541400 643632 1922664 2774311
1522	444 552796 604784 1914872 2827671
1523	444 582038 637824 1893384 2698915
1524	518 645620 670428 1954797 2752832
1525	486 530442 627634 1955653 2816371
1526	592 507374 645304 1899378 2654760
1527	444 635194 660010 1909658 2824850
1528	518 602172 714936 1962690 2763894
1529	518 514196 650952 1902231 2807342
1530	444 549464 695362 1953542 2737689
1531	518 571700 651774 1950221 2819500
1532	518 606396 663026 1975235 2792998
1533	518 548364 658140 1930842 2716905
1534	444 540872 706810 1919557 2839963
1535	518 556138 643120 1941322 2777184
1536	518 634546 671044 1958540 2818315
1537	444 625088 644776 1954136 2839527
1538	444 517870 631806 1944413 2793126
1539	518 542948 660010 1987637 2737423
1540	518 562458 639008 1924969 2838417
1541	444 547710 703288 1907992 2794501
1542	444 549274 717934 1940976 2750584
1543	444 533154 718396 1951027 2732964
1544	592 559926 661478 1923606 2785749
1545	444 540574 659814 1888132 2799147
1546	444 630514 645306 1950809 2778510
1547	444 622624 703112 1927886 2792174
1548	518 524460 641960 1897028 2800609
1549	592 548900 711476 1938686 2783526
1550	444 636236 680484 1965558 2792736
1551	518 616982 669658 1941678 2736643
1552	444 585846 683582 1937061 2849594
1553	518 541072 623756 1979693 2814322
1554	518 634634 678192 1928707 2792402
1555	518 546136 654384 1927201 2769908
1556	518 536314 654304 1945006 2899501
1557	518 587926 646728 1985103 2788061
1558	444 631282 661754 1940708 2794387
1559	518 519502 639898 1878486 2810299
1560	518 527510 655668 1941395 2798729
1561	444 562768 699506 1952039 2796670
1562	560 516330 596048 1942986 2765530
1563	518 620042 732724 1916467 2757381
1564	444 523968 640478 1895311 2753542
1565	518 536964 652900 1900134 2880501
1566	444 546190 657588 1901994 2768393
1567	560 530554 641360 1900758 2711102
1568	518 616158 674006 1874480 2685259
1569	444 563574 689208 1919561 2813151
1570	518 523892 642962 1898951 2730009
1571	444 550848 695362 1881555 2761955
1572	444 562194 693568 1892817 2737851
1573	518 527694 686900 1910585 2744599
1574	518 541248 640548 1910432 2746234
1575	518 602434 683582 1939590 2744807
1576	444 563928 669658 1928748 2698507
1577	592 542490 643600 1895087 2798083
1578	370 512166 696294 1957831 2774490
1579	518 573430 725584 1947416 2747674
1580	518 541482 654858 1960578 2701450
1581	444 544040 664452 1940888 2868086
1582	444 545092 602240 1960609 2765691
1583	518 550362 679286 1951041 2783385
1584	592 525318 631056 1933042 2862816
1585	518 535160 729120 1919123 2869747
1586	444 607468 648140 1944843 2736914
1587	444 542868 638388 1936427 2784983
1588	444 575376 620300 1922315 2791368
1589	518 501084 631828 1864671 2779144
1590	444 512512 584042 1907695 2796125
1591	444 549148 670656 1915991 2849088
1592	518 622722 673840 1932418 2644100
1593	444 563414 685992 1953035 2805535
1594	444 539412 645948 1778840 2765197
1595	518 615178 646012 1676110 2755239
1596	518 628436 672498 1896443 2801351
1597	444 576340 627712 1925208 2550630
1598	444 533946 623744 1989538 2487807
1599	560 637632 657172 1913250 2780036
1600	444 491052 664178 2007630 2729237
1601	444 545282 645238 1938441 2864451
1602	518 562140 669790 1946860 2771944
1603	444 567324 641380 1930503 2806057
1604	592 576472 686450 1871356 2813159
1605	444 523330 649532 1925615 2766933
1606	518 605828 644664 1894023 2786971
1607	518 548090 688180 1958197 2718368
1608	444 544768 661768 1935008 2686478
1609	444 594340 643194 1930893 2825909
1610	592 634384 652748 1937808 2758168
1611	444 527852 686966 1936562 2840897
1612	518 537704 679090 1959245 2751094
1613	592 520334 641724 1901389 2840074
1614	444 615070 649068 1950658 2797638
1615	444 635574 687862 1927370 2794984
1616	444 538040 616850 1921337 2823892
1617	486 535782 639328 1962582 2778246
1618	518 514590 692876 1961801 2763020
1619	444 551094 646818 1913304 2791292
1620	518 531846 633848 1953413 2846119
1621	518 531568 657140 1865629 2785357
1622	444 608224 723310 1865430 2841686
1623	518 568364 625614 1953291 2707072
1624	518 519640 650136 1899130 2750233
1625	444 557296 682882 1920136 2659562
1626	444 543152 614768 1867770 2740698
1627	518 535196 680402 1909698 2750268
1628	518 624776 811950 1926301 2793940
1629	444 637646 746680 1896070 2722284
1630	518 628540 760940 1942806 2720742
1631	444 634388 745652 1901071 2799292
1632	518 655852 742668 1919199 2720780
1633	518 603926 640800 1916822 2829288
1634	444 588992 745358 2264375 2685653
1635	518 632352 721270 2271568 2746307
1636	560 617194 776806 2274576 2876153
1637	518 529006 636498 2025448 3093750
1638	518 624628 776950 2041336 3207485
1639	444 661750 773280 2196436 3143097
1640	444 659136 763404 2037387 2940276
1641	518 637402 746886 2087532 2894087
1642	518 628860 773320 2053716 3075757
1643	518 642310 825902 2055571 2990700
1644	518 631250 740352 2155680 2893620
1645	444 636014 702446 2314408 2990757
1646	518 623972 745974 2008664 2976635
1647	444 631978 719656 2099528 3066097
1648	592 640448 725726 2030498 3195980
1649	370 595284 732614 2436122 3007379
1650	518 638800 732566 2002158 2904740
1651	518 685702 756788 2057928 3016301
1652	444 660112 742818 2100565 3302911
1653	518 628048 760706 2390139 3158520
1654	444 619102 757820 2065167 2979096
1655	518 624336 652012 2108767 3076867
1656	444 593288 736906 2142714 3344892
1657	518 660364 771234 2205810 2981588
1658	444 603194 650940 2196643 2979408
1659	444 650016 774766 2077256 3167768
1660	518 626934 744662 2233016 3088660
1661	518 587508 637294 2039161 3143895
1662	518 649576 793142 2066280 2938286
1663	444 557748 733848 2193213 3174639
1664	518 642102 693526 2261373 2937266
1665	518 567576 728224 2025928 2971996
1666	560 538804 691636 2091177 3110572
1667	518 715640 775864 2079235 3169367
1668	518 588126 725926 2138897 2942612
1669	444 639876 837428 2038247 2889841
1670	518 706988 776504 2094970 3002035
1671	518 693700 783166 2019167 2999162
1672	370 636094 785640 2104196 3035460
1673	560 573244 823144 2060572 2944576
1674	518 619774 718698 2322522 2904885
1675	518 627874 795166 2328325 3057870
1676	518 644144 821948 2305675 2927513
1677	444 596260 724288 2330629 3213854
1678	592 643342 820540 2018920 3210939
1679	518 635036 738220 2108866 3224664
1680	444 636074 772346 2084292 3196742
1681	592 617024 752348 2289097 2980673
1682	518 628462 698116 2145494 2970358
1683	518 641486 716320 2108579 3035530
1684	518 587266 724272 2163795 3222697
1685	444 604746 700852 2284505 3114997
1686	518 622132 774610 2354787 2976760
1687	444 603342 642480 2019072 3144096
1688	518 625004 715790 2026985 3254922
1689	518 657412 781120 2070473 3366834
1690	518 582006 716288 2051132 2898852
1691	518 628904 702390 2007842 2914450
1692	518 645582 777090 2145008 2940515
1693	444 565264 682414 2128940 2932596
1694	444 603026 653936 2142193 2927449
1695	518 544126 636448 2052702 3133947
1696	370 555018 667510 2154933 2963909
1697	444 606508 635340 2094976 3067997
1698	518 534896 631258 2101939 2904639
1699	518 558058 669658 1909281 3112041
1700	444 593778 633712 1847226 2928688
1701	518 639408 697964 1874451 3088424
1702	518 560894 661746 1926765 2715871
1703	518 555860 604106 1920771 2700355
1704	518 620512 661616 1900288 2725484
1705	518 555508 717344 1968313 2687917
1706	444 494112 681016 1957766 2779254
1707	592 605212 687432 1962647 2785693
1708	444 615402 666102 1959058 2765367
1709	518 542956 689954 1933060 2781825
1710	560 538268 633464 1878574 2845259
1711	518 609870 683828 1945916 2783404
1712	518 600306 671668 1949650 2822117
1713	444 497002 642682 1959724 2683958
1714	444 543040 705592 1941313 2742418
1715	592 534198 667898 1923600 2814988
1716	560 504226 641682 1935667 2871063
1717	444 537322 643642 1969643 2751100
1718	592 513476 673162 1924760 2861775
1719	444 598638 680586 1893123 2773761
1720	518 631750 669376 1944247 2740701
1721	370 517356 640034 1965759 2811404
1722	592 541828 651444 1905764 2748137
1723	444 550322 639858 1941184 2719278
1724	592 539122 642126 1968197 2840025
1725	444 619090 651070 1921321 2755239
1726	518 554696 631142 1907420 2749072
1727	444 541936 683720 1958175 2802705
1728	518 543260 660148 1914359 2725532
1729	518 540056 623018 1928644 2826775
1730	444 635372 682994 1885734 2794600
1731	444 539566 644210 1892850 2741706
1732	518 580206 641994 1920646 2716672
1733	444 536950 655330 1861786 2784302
1734	444 569796 633218 1905549 2687694
1735	444 551946 664480 1936464 2807413
1736	518 552014 642954 1951585 2733119
1737	444 561502 640884 1887816 2760355
1738	444 544870 712950 1891966 2715276
1739	518 541600 662160 1919324 2851741
1740	518 535084 662690 1877060 2728199
1741	518 522924 641316 1925763 2736742
1742	518 554848 647662 1869222 2804963
1743	518 552210 629114 1875659 2710558
1744	518 544170 655806 1864340 2700759
1745	518 558790 643044 1840644 2702587
1746	518 567252 624080 1910115 2708856
1747	560 613542 662394 1875040 2683187
1748	592 601866 649488 1902354 2643827
1749	518 559520 650096 1888671 2762268
1750	518 519630 646920 1885701 2717041
1751	518 500726 654458 1910639 2719863
1752	518 516726 717330 1950031 2670135
1753	518 544198 725122 1878246 2739998
1754	444 545104 733942 1921101 2765190
1755	518 525306 668716 1879388 2825093
1756	518 531484 658460 1956472 2723926
1757	592 603246 639346 1917467 2803311
1758	518 580140 694098 1894618 2659757
1759	518 558706 622124 1945818 2787018
1760	444 540948 671924 1933786 2712534
1761	444 636354 669840 1949576 2772439
1762	592 593724 687028 1949168 2835704
1763	444 598828 648000 1920882 2768079
1764	444 545340 721204 1869587 2820695
1765	486 528706 716778 1986287 2731670
1766	518 539234 703930 1988413 2816597
1767	518 542538 680690 1965709 2757227
1768	444 633760 674562 1951567 2873889
1769	518 509686 610204 1964520 2874446
1770	518 535246 722166 2017737 2833231
1771	518 583890 652542 1966787 2786011
1772	444 539334 642946 1934111 2863633
1773	444 639990 661646 1962322 2820787
1774	518 574716 717212 1877027 2900980
1775	370 616660 656628 1849857 2812684
1776	518 498992 642718 1958159 2785846
1777	444 572408 667832 1923358 2742733
1778	518 530452 654912 1903105 2696969
1779	518 531066 704118 2019559 2811396
1780	444 567856 644986 1938492 2785652
1781	518 614904 669896 1880764 2735689
1782	518 525042 579960 1956197 2936505
1783	592 605882 641700 1882390 2743054
1784	412 634474 725726 1948448 2797061
1785	518 585184 629278 1915434 2761451
1786	444 513778 637588 1888005 2706749
1787	518 628370 657414 1933273 2862957
1788	518 626898 666136 1943962 2767907
1789	592 536232 586224 1912576 2697161
1790	518 586924 706108 1917303 2807549
1791	444 619210 669938 1973084 2700857
1792	444 560766 634172 1961455 2794286
1793	518 524914 606936 1887273 2713136
1794	444 619996 707326 1924406 2842036
1795	518 499112 646206 1948666 2832583
1796	518 530086 729846 1931135 2802437
1797	370 537588 666420 1904694 2724794
1798	518 585078 669848 1959922 2803777
1799	518 534558 624218 1946915 2743226
1800	518 596292 713140 1929458 2774128
1801	518 511028 626680 1859201 2809334
1802	444 543542 726600 1962185 2836442
1803	518 629494 665976 1903999 2813502
1804	518 611560 649462 1952208 2711833
1805	518 594686 680980 1889449 2795586
1806	444 534378 658750 1928643 2773310
1807	518 537152 645246 1928895 2748140
1808	444 642936 718120 1991742 2796178
1809	444 580472 642694 1892392 2780301
1810	444 534834 717212 1934860 2809406
1811	518 505958 646880 1994398 2742917
1812	518 537554 718710 1951466 2830099
1813	518 504996 639624 1930081 2811409
1814	444 576956 713664 1913559 2777866
1815	560 547712 673986 1959791 2882575
1816	444 525184 650146 1884768 2805284
1817	370 629020 669762 1897038 2774609
1818	444 540506 628096 1948061 2728326
1819	518 559780 641488 1896208 2773271
1820	518 606624 680764 1957506 2740130
1821	486 555560 664008 1925561 2807698
1822	444 558428 799608 1901636 2760461
1823	592 608254 764112 1953037 2755778
1824	518 702350 776480 1887729 2748891
1825	444 619700 735282 1912304 2715919
1826	518 588434 634942 1961457 2772816
1827	518 642698 773280 1903154 2729488
1828	518 735464 789204 2314002 2760669
1829	518 718838 813886 2149695 2790226
1830	518 713540 782136 2160278 2826690
1831	518 642362 826716 2116126 3219513
1832	518 632384 829014 2127746 3009791
1833	518 721852 831758 2322224 3038316
1834	592 585028 832938 2353632 3017806
1835	444 669292 830400 2318446 3063941
1836	518 636546 745072 2293954 3179413
1837	444 705306 748736 2394884 3243103
1838	518 600546 737516 2342201 3225931
1839	518 642496 855104 2421464 3150387
1840	444 621804 715086 2209854 3298466
1841	518 605240 736160 2162222 3341006
1842	592 614552 752534 2361665 3258777
1843	560 620918 716086 2358785 3129162
1844	518 600910 776960 2070876 3068063
1845	444 631526 662490 2289511 3274294
1846	444 638398 690828 2146500 3279925
1847	592 678798 755322 2041889 3099440
1848	444 652462 773440 2254270 3223914
1849	444 628480 751648 2057692 3051799
1850	518 641242 772540 2181047 2953738
1851	518 597296 694154 2213034 3151270
1852	444 614818 669658 2010506 2968323
1853	444 611660 731924 2203992 3067605
1854	486 645908 770418 2407205 3168767
1855	592 607862 654882 2068438 2916805
1856	444 645138 800856 2049358 3076946
1857	518 597382 708386 2110920 3504894
1858	518 628656 719822 2073542 3038394
1859	518 614166 861724 2071645 2934240
1860	444 642004 724244 2070280 3014285
1861	518 619002 721316 2301455 2971225
1862	444 626360 699912 2166237 2973490
1863	444 639250 743290 2057906 2983728
1864	518 661944 722752 2052528 3172471
1865	444 605968 662840 2380669 3023163
1866	592 646554 795840 2040225 2951539
1867	444 635440 790652 2051248 2872142
1868	518 641648 718200 2080720 3363765
1869	518 627514 834600 2095831 3141762
1870	518 640910 773280 2070084 2920327
1871	518 640374 714400 2070919 3025054
1872	560 644258 744780 2249898 2956271
1873	444 606644 675954 2321787 2946915
1874	444 611338 719738 2062274 2940928
1875	518 655856 764988 2117746 3134654
1876	518 604502 722972 2367702 3236147
1877	518 635106 717920 2002517 3141316
1878	518 647128 796414 2079073 3014841
1879	518 614236 755124 2130923 3279498
1880	518 642338 712974 2295404 3019832
1881	444 596292 721826 2045919 3003475
1882	518 626732 758850 2321882 3152573
1883	518 615188 786244 2030973 3227736
1884	518 630662 714722 2223185 2946284
1885	518 640628 838018 2190528 3231115
1886	444 611746 730780 2201668 2921877
1887	560 605778 730948 2022297 3130342
1888	518 691934 747866 2050465 3026401
1889	518 626924 723340 2186454 3035102
1890	518 628534 773242 2220278 2963696
1891	518 573866 721618 2333750 3022937
1892	518 647078 727176 2083233 3192901
1893	518 618628 755582 2043951 3069432
1894	444 633380 830476 2083685 3209060
1895	518 706738 820606 2252400 2941970
1896	444 728880 744766 2142140 2902942
1897	444 625178 738130 2107746 3083773
1898	444 629950 741758 2050072 3181633
1899	518 612670 738444 2432410 3042975
1900	518 640424 719822 2197271 2959819
1901	486 639788 806366 2254321 3018777
1902	444 614316 831102 2358601 3323088
1903	518 642512 743562 2036859 3103634
1904	518 614460 690484 2095715 3124689
1905	444 578722 736248 2129525 3259095
1906	518 630094 791718 2371787 2943262
1907	444 625182 780282 2042763 2910255
1908	518 707960 742770 2105105 3098336
1909	518 619576 655868 2140876 3202159
1910	518 640562 740674 2079505 2971178
1911	444 638926 822716 2082736 2979631
1912	444 641510 741700 2199729 3056539
1913	592 716944 864476 2204365 2912309
1914	444 690216 838764 2196211 2989308
1915	518 701638 802546 2133760 3091748
1916	444 637518 709048 2042490 3102177
1917	444 719420 745656 2415881 3131049
1918	518 657064 774030 2264844 2983602
1919	518 611792 714140 2399429 2938374
1920	486 637578 712946 2329305 3426398
1921	518 641016 739000 2291992 3155823
1922	592 559342 669782 2242095 3308625
1923	444 617092 683582 2157484 3362342
1924	518 636420 713190 2095584 3153355
1925	518 640518 782202 2151454 3156843
1926	518 559090 637428 2151282 3044985
1927	518 639016 773280 2072747 2945119
1928	444 685952 746994 2055835 3069862
1929	518 608620 716030 2135856 2991203
1930	560 623568 808892 2133047 2971505
1931	518 604670 751536 2013277 2833917
1932	518 620214 712680 2103207 3058043
1933	444 626978 681984 2295818 2959156
1934	444 632212 651184 2241603 2913182
1935	444 606338 658354 2071910 3021350
1936	518 613854 782426 2378426 3116368
1937	444 633184 770744 2012468 3206085
1938	518 614320 796062 1990486 2968386
1939	518 596968 808118 2052211 3240217
1940	444 665390 764228 2057381 3060936
1941	518 506186 661694 1984433 2941175
1942	444 622264 863188 2126512 2901559
1943	518 578056 714460 2318619 2899509
1944	518 640912 748856 2278334 2840818
1945	518 656286 805470 2159556 3089272
1946	444 602904 740320 2091950 3186782
1947	518 602002 737800 2051501 3143882
1948	444 704364 748830 2250955 3064024
1949	444 700584 773280 2185090 2969485
1950	592 636402 722952 2173513 2870840
1951	518 631234 739514 2285314 3117896
1952	560 632438 738106 2298857 3135100
1953	444 542888 703560 2188311 3095503
1954	444 538580 717278 2316651 3129428
1955	444 636028 737508 2177014 3181711
1956	518 626392 717332 2306680 3118771
1957	518 578192 725738 2043035 3165414
1958	560 613948 664128 2055093 3147078
1959	518 628296 730604 2078633 3206152
1960	518 709894 749508 2032423 2980886
1961	518 720014 801856 2061878 3000260
1962	518 679370 756090 2017960 2907692
1963	592 630612 797646 2144651 3011205
1964	518 634142 805468 2200956 2892765
1965	518 630006 720052 2267422 2942018
1966	518 637540 727058 2307940 3027183
1967	592 643520 693492 2160509 3090241
1968	444 641892 710846 2435575 3281141
1969	518 614530 776186 2044916 3234917
1970	518 585760 640666 1961623 3192623
1971	370 603126 702004 2094335 3316094
1972	592 638440 781818 2227338 3216028
1973	518 633372 695440 2135202 2935197
1974	444 614170 749482 2012401 2978176
1975	518 564854 683582 2055719 3113663
1976	518 631156 716240 2010962 3001365
1977	518 555304 734346 2083221 2916415
1978	518 525018 669492 2162334 2932388
1979	518 513852 564302 2172129 2922641
1980	444 542554 699576 1980305 2891653
1981	444 508314 656092 2110409 3076174
1982	592 543318 655128 1968673 2936553
1983	444 515198 629020 1915105 2932477
1984	518 558686 675190 1908107 3009980
1985	560 513836 637248 1840530 2728600
1986	592 549224 663632 1831776 2707171
1987	444 559430 655640 1855667 2712917
1988	518 531804 643238 1890488 2561114
1989	370 505202 648828 1826640 2759222
1990	518 547376 669302 1887959 2620547
1991	486 608044 646080 1848090 2718417
1992	444 555116 634528 1922357 2621317
1993	592 562370 625286 1894031 2701049
1994	444 496346 640394 1897843 2731819
1995	444 565162 663352 1865382 2670643
1996	518 544900 681144 1881611 2722667
1997	592 535698 578784 1918325 2779720
1998	518 611574 634952 1904801 2703607
1999	444 551018 640982 1863979 2689764
2000	518 544498 672758 1858293 2797178
2001	444 498610 678988 1920549 2757610
2002	518 544248 664506 1860244 2703682
2003	370 554046 691446 1903287 2634565
2004	518 543708 633458 1893277 2760112
2005	444 520928 634250 1914684 2777106
2006	444 542270 633610 1888946 2706244
2007	444 549328 667638 1894319 2714876
2008	592 515400 599530 1896817 2768544
2009	444 533384 662514 1888388 2677543
2010	518 528174 629948 1850386 2706741
2011	518 523920 646402 1853809 2757289
2012	592 608162 686054 1859951 2725008
2013	444 540638 661904 1851986 2611144
2014	444 491306 644306 1937117 2730627
2015	518 555758 624162 1876081 2704933
2016	444 563758 629940 1886118 2721904
2017	518 531276 663608 1932528 2730921
2018	634 500436 659402 1831106 2700646
2019	518 532978 662430 1943926 2799350
2020	518 516246 640048 1856751 2744199
2021	518 540120 644656 1886348 2701889
2022	518 541554 637246 1913252 2716737
2023	560 619316 634696 1846165 2678625
2024	518 573658 648156 1886395 2770372
2025	444 552998 647286 1850602 2673165
2026	518 528912 619788 1831260 2679209
2027	444 544554 646608 1896744 2705282
2028	518 508018 638652 1889751 2722028
2029	518 520372 618866 1892805 2667221
2030	518 604590 645906 1888457 2659639
2031	444 540084 580544 1872050 2736399
2032	518 545200 697140 1826867 2762981
2033	444 531804 627166 1924899 2694975
2034	518 517184 616660 1865657 2644511
2035	444 539268 579960 1864170 2717326
2036	518 531222 578322 1858781 2674896
2037	518 439960 546436 1899378 2604836
2038	518 439196 571128 1966348 2721712
2039	444 442512 616562 1833727 2660110
2040	518 419368 544132 1764336 2698040
2041	518 525286 571662 1686826 2615842
2042	444 527294 591570 1644156 2654948
2043	444 541880 596074 1642028 2580709
2044	518 483878 563156 1617862 2433127
2045	518 461072 663226 1665536 2319673
2046	518 209910 640488 1694152 2344460
2047	518 213104 640418 1719415 2222016
2048	370 207288 773742 1712067 2300091
2049	444 230264 790134 1736567 2435725
2050	592 220092 834356 1843248 2503322
2051	560 225702 878700 1862716 2415737
2052	444 213698 836006 1888580 2457576
2053	518 202932 856902 1856480 2597956
2054	370 249602 808720 1868891 2759055
2055	444 202420 874438 1897308 2677211
2056	518 209606 820676 1888161 2714375
2057	444 211058 821278 1908067 2673504
2058	444 217666 813246 1878243 2714308
2059	518 219308 836304 1884873 2674869
2060	444 239050 855302 1832120 2769442
2061	518 257374 815860 1951087 2705608
2062	444 230982 838786 1938978 2638560
2063	444 223202 835590 1884549 2740611
2064	444 245774 821994 1873371 2655403
2065	444 217402 816854 1944536 2615134
2066	444 231510 817736 1833665 2684205
2067	444 220620 831064 1877960 2628099
2068	444 218714 828216 1846803 2676324
2069	518 217254 849570 1856464 2680812
2070	592 233540 913030 1845187 2724052
2071	370 222014 901960 1866363 2606403
2072	518 179980 1158928 1844838 2720633
2073	444 3906 1215086 1875199 2653587
2074	518 3786 1234217 2322238 2697765
2075	444 518 826763 2266508 2625049
2076	518 518 827136 2384276 2691417
2077	444 560 965183 2268170 2753183
2078	444 518 1136000 2384276 2720440
2079	444 560 1155079 2190984 2794712
2080	444 518 1254464 2384276 2740033
2081	518 592 1350385 2384276 2660060
2082	444 518 1217703 2384276 2753643
2083	444 592 1336273 2255372 2684832
2084	444 634 1591871 2275172 2835376
2085	444 518 1528536 2403034 2642084
2086	444 560 1455430 2395150 3093056
2087	444 518 1574870 2300880 2730318
2088	444 518 1390160 2375966 2964280
2089	444 518 1358625 2340048 2737588
2090	518 592 1453330 2380141 2964280
2091	444 592 1544977 2578235 2835248
2092	444 518 1888268 2406864 2770988
2093	444 592 1980925 2546139 3190825
2094	444 518 2142200 2513180 3029744
2095	66 518 1630352 2524782 3360706
2096	444 518 177398 2262164 3093564
2097	518 1012 1865434 2247620 3366214
2098	518 242936 2243550 2987266 3183860
2099	518 267414 1686449 2830340 3159153
2100	518 201928 1677609 2824428 3169651
2101	444 1647193 2043694 2889566 3173558
2102	518 1548917 2129680 2781376 3377350
2103	518 1691401 2922982 2935084 2935084
2104	177241 1482893 2759960 2923244 2923244
2105	80980 312524 2542682 4791312 4791312
2106	132 198 206 2523996 2523996
2107	0 74 206 964 964
2108	0 74 206 206 206
2109	42 74 74 74 74
2110	0 0 0 116 116
2111	0 42 74 200 200
2112	0 0 0 126 126
2113	0 0 74 84 84
2114	0 0 0 74 74
2115	0 0 74 74 74
2116	0 0 0 0 0
2117	0 0 0 0 0
2118	0 0 0 0 0
2119	0 0 0 0 0
2120	0 0 0 0 0
