1	90 1250 1316 1472 391881
2	78 168 234 3220 19913087
3	90 160 250 163284 9485455
4	0 0 6480 327318 6143792
5	0 1680 296076 2106885 5606368
6	0 2218 247864 2438570 4900520
7	70 122962 1300396 3031872 5663946
8	0 157674 1844671 3446650 4382038
9	0 112844 1976118 4416090 13292287
10	0 266793 1691083 4081696 14761656
11	70 316878 2473110 4575462 20538025
12	0 343248 2489118 4662658 23044267
13	0 326154 1878724 4588298 16547654
14	42 284970 2385422 4405525 23195592
15	686 364830 2199802 3194014 21507656
16	444 382584 2939280 4407726 27189804
17	592 336422 2856361 3930868 12555671
18	370 353346 2882476 4363666 13382245
19	592 355394 2553658 4072674 19884995
20	518 353930 2372468 4661556 25143008
21	518 404438 2249963 4349632 23127760
22	518 431902 2849614 4572236 20558074
23	444 390446 2522281 4708982 19898463
24	592 418372 2846760 4317452 23366874
25	518 479348 2707389 4940062 26320555
26	370 371342 3000538 4513788 14401794
27	518 346424 2547071 5083100 23093058
28	444 364780 3292360 4583123 18972371
29	518 403852 3383865 5013960 25080496
30	444 379696 2420132 4575132 16349850
31	444 304102 3031891 5217994 22171340
32	444 342420 2953590 4287395 21395835
33	592 374210 2699323 4088002 15377859
34	444 347802 3080249 3894758 23608851
35	518 308960 3418948 4381968 20024504
36	518 352292 3214351 4118189 24313966
37	444 413150 2729871 4641218 19955771
38	518 452428 3039606 4604936 19407796
39	518 340468 3093741 4661156 20696091
40	444 288962 2792105 4640308 22596247
41	518 308350 3000060 4456980 21274318
42	560 322638 3134451 4735510 22883812
43	518 297282 3365194 4822582 18805630
44	518 381914 3785513 5142356 18278095
45	444 384448 3229712 4548782 18261323
46	518 350318 3383738 4716734 21594777
47	592 329652 3200586 4136008 20994657
48	518 351790 3374429 4454191 24807022
49	518 435780 2758086 3968442 27430255
50	518 446678 2385830 4460688 17979400
51	370 365898 2623315 4520820 23497378
52	518 386948 2187909 4386328 18983248
53	592 325840 3332115 4322002 24477790
54	444 340462 3420626 4102808 20748300
55	518 354410 3296740 4069228 22537851
56	444 283392 2955638 4280032 21077715
57	592 362204 3917022 4153332 16359624
58	518 413620 3120583 4545034 19873441
59	444 396064 2841701 4045544 18961728
60	518 400420 3193532 4389810 24597377
61	518 337250 2961778 4803940 21591347
62	518 367548 2760449 4579946 21691785
63	518 365886 3007114 4773436 22553415
64	444 298272 2846751 4441442 20758314
65	518 420204 3457130 4602366 18694243
66	444 423944 3209437 4518052 19504878
67	444 433718 3375085 5265761 20894143
68	592 335488 2845045 4685764 23625354
69	486 359294 2950505 4891010 20744052
70	518 344772 3153889 4612872 20139757
71	518 365564 2827863 4740272 23269907
72	518 443452 3842533 4510052 22083594
73	518 353708 2853307 4500392 22651664
74	518 402648 2603016 4376054 16868565
75	444 405634 3214503 4640032 20265362
76	518 309250 2550122 4524714 25311001
77	518 316402 2666550 4649204 21308003
78	444 351836 2867451 4499582 22603745
79	518 281588 2870088 4708982 23521955
80	444 282396 3163231 4594624 22587244
81	518 311348 3204500 4630781 18844037
82	592 328398 2963282 4393144 21903141
83	518 380092 2238813 4044685 21247738
84	518 391940 2706692 4319724 23494006
85	444 387790 3250854 4666639 20506989
86	518 447866 3283237 4401753 21737753
87	444 373250 3303308 3776660 19006436
88	592 398102 3181084 3955127 22946330
89	518 336170 2755864 3893386 19171801
90	444 391032 3235553 4018064 25098079
91	518 415064 3457595 4126286 23060431
92	444 417886 2877850 4451853 20850287
93	518 337638 3071538 4161502 14252867
94	518 318102 3122738 4773080 21869155
95	486 329718 2979168 4443958 18895821
96	518 344188 3220847 4508297 22832304
97	518 324974 2254148 4416560 27518704
98	518 319174 2016508 4488694 15697292
99	444 293492 3049797 4397975 16806648
100	518 343784 3191379 4306329 18625225
101	444 289004 2848307 4903052 20991090
102	518 358140 3037060 4974794 19263324
103	592 362998 2851501 4824700 21701441
104	444 315446 2689233 4581632 23085704
105	370 368526 3347524 4325254 17764965
106	444 308598 3376820 4296044 22190278
107	518 359360 3195437 4715814 21102050
108	444 301622 2840428 4158395 22670500
109	518 378442 2958054 4506878 20809063
110	444 417358 2675420 4561014 22289989
111	444 393482 3233874 5026658 22221784
112	518 367882 3342611 4839956 24189708
113	444 308350 3020313 4343219 23606085
114	518 358544 3505291 5016252 18446707
115	444 362644 3065713 4335470 22467663
116	518 333092 3667990 4828360 20599620
117	444 325700 3625510 4446916 15178657
118	518 342918 2353384 4532388 21517421
119	518 377114 2653702 4554522 21565426
120	444 384902 2716639 4794300 26021530
121	444 335658 3097613 4422900 23880246
122	634 345236 2458358 3955696 20357590
123	444 358040 2563419 4119960 24572930
124	518 356910 3323153 4456026 21666634
125	444 304712 3366897 4790608 22224558
126	518 335732 2992736 4291950 21540790
127	444 330262 3346312 4668976 17497753
128	518 352768 2975340 4754519 21741602
129	444 314158 3354387 5202776 19845922
130	444 317054 2790864 4631093 21617557
131	518 284252 3252237 4142042 21159203
132	444 304580 2998550 4512599 17909815
133	518 298582 3242589 4345554 17645013
134	444 333884 3193666 4551426 25002664
135	518 374764 3302142 4752710 22713317
136	518 371426 3017081 4627858 18476471
137	518 394868 3452631 4591894 22004241
138	518 306858 2895299 5246190 24939573
139	518 287354 3131655 4400988 24763081
140	444 340682 2623061 5133188 16798922
141	518 356588 3079032 4307958 25367312
142	444 411104 3152431 4549462 17147867
143	518 397442 2977508 4713816 20128272
144	518 354542 2832449 4379772 22290007
145	370 329792 3066188 4255882 21179788
146	518 367676 2882546 4199536 26265186
147	444 397368 2991570 4201246 23033932
148	444 434732 3269560 4300658 18393083
149	560 476898 3190496 4381968 22923835
150	518 401254 2682987 4723590 20951860
151	518 327882 3245379 4640928 15777041
152	518 354006 3139850 4639776 22895708
153	518 276926 2519731 4658712 21004013
154	444 309068 3049586 4228234 22852439
155	370 288410 3659797 4524768 23694659
156	518 375530 2726532 4734016 18415108
157	444 417968 2647986 4049086 20744345
158	518 367362 2813323 4496264 19083864
159	518 386082 3313403 4723574 19972941
160	444 318828 2385200 4399644 22646512
161	518 306486 2592184 4796040 23252345
162	518 319620 3371597 4398797 24718332
163	444 317264 3951285 4639888 22240777
164	592 323192 2809367 4420848 21074755
165	518 337192 3755015 4412878 16998750
166	518 383310 2977110 4644528 19822412
167	518 320354 3236616 4707764 25999570
168	444 277776 2886465 4381840 18585045
169	444 309588 2652658 4583232 24209484
170	518 307616 3727751 4381968 20073224
171	518 266894 2809530 4560880 22467827
172	444 293888 3271268 4567406 24027550
173	518 294292 2911026 4391250 20318189
174	518 278898 2804036 4476984 25637834
175	560 286298 3361972 4114835 19536672
176	518 328250 2563366 4169132 21646173
177	592 438296 3336312 4829623 20407559
178	518 475570 3198009 4661683 23433514
179	518 357974 3510955 4928632 22527331
180	444 347678 3549176 4322708 18332062
181	370 321088 2781467 3925184 22941527
182	518 309794 3265845 4240445 23904262
183	518 312698 3100866 4380614 25280742
184	444 302840 3825101 4750068 26030920
185	518 286562 2652847 4146050 16779933
186	592 363914 2995700 4495572 20897935
187	444 449648 3090382 4442254 18623664
188	444 381140 2892294 4450990 28256367
189	444 276704 3088314 4413064 20515977
190	444 314406 2638710 4142970 22021260
191	518 350244 3042962 4336577 19593275
192	444 442256 3343421 4157690 20961633
193	518 428116 2889327 4936616 25371553
194	518 345756 3068157 4535638 19688070
195	444 360754 3534348 4726146 22198531
196	444 314414 3056633 4715076 19297425
197	592 338834 3230152 4393398 19917685
198	518 327556 3222814 4705631 20504788
199	518 372560 2785196 4409650 23861401
200	444 333480 3237260 4439816 15411573
201	518 365374 3500407 4538004 20264767
202	560 319240 2907353 4347946 28299392
203	444 363584 3083131 4215150 20627815
204	444 388524 2974772 4580760 21963284
205	592 421920 3597023 4813836 21960158
206	518 427984 3545995 5056186 22425023
207	518 310000 2586541 4482286 16461466
208	444 311964 2373997 4772092 21275598
209	444 333884 3474905 4702462 20584747
210	518 394472 2349213 4902516 22457825
211	518 330230 2398395 5001202 21258117
212	444 307724 3610844 4774080 22266530
213	518 257654 2713667 4769931 4279095124
214	666 299276 3367590 4586127 22890209
215	444 304514 3269298 4694070 24749715
216	444 299828 2817258 3763272 21318032
217	444 321658 2943245 4900176 25686800
218	518 288270 2803994 4548019 21015715
219	370 446150 3445470 4984184 22047898
220	518 313160 2931173 4296485 23725367
221	444 334346 2389444 4156918 24068699
222	518 242342 1940425 4420834 19700613
223	444 299646 3483911 4567328 24344830
224	592 345838 2983907 4560952 22912432
225	444 354608 3442410 4487077 18924605
226	518 281604 3536151 4505755 24308273
227	444 308012 2741862 4273000 14888823
228	560 315800 2901385 4357648 25159064
229	444 291174 3439275 4728294 23902547
230	518 350318 3537519 4899824 25338202
231	444 416516 2924162 4883988 20121972
232	444 316592 3041370 4449670 18284041
233	444 334280 3059594 4833452 23740837
234	518 372560 3186624 4294942 20860275
235	518 377914 2529379 4639908 22292675
236	444 251706 3272934 4983586 22321332
237	444 284508 3311750 5024493 22883865
238	518 252160 3134206 4666398 21641783
239	518 281810 3836645 4537086 22391858
240	518 304506 2394772 4407130 23411135
241	518 347216 3138455 4684964 24454891
242	444 382914 2266947 4450234 25004341
243	444 359830 3032951 4507857 20791532
244	592 432034 2736286 4544028 17059485
245	370 301734 2768254 4450154 25624468
246	444 374606 3561283 4253704 22973244
247	518 395066 3519316 3892780 23767403
248	444 512084 3195135 4020097 26370027
249	592 390182 3379717 3960336 22494984
250	444 423842 2779022 4085502 20270161
251	518 423570 2709583 4319500 20923734
252	518 417118 2415720 4657242 22767390
253	444 346292 2251764 4824984 21065033
254	486 356258 3484749 4552860 24315470
255	518 389712 2310052 4346646 19376837
256	592 324768 3118779 4244958 21841137
257	444 387542 3480346 4451946 18958425
258	518 414346 2839136 4357904 19428782
259	518 499388 3681983 4627934 18487307
260	518 418100 2725104 4143452 20314475
261	518 230132 2143893 4398960 27060880
262	444 288678 3414156 4525448 17527435
263	518 385232 2916723 4611116 25360076
264	444 420410 3292509 4820188 22301929
265	518 293162 3110634 4597968 21680237
266	444 326600 2672935 4596306 18910904
267	518 334866 3341644 4511388 18784046
268	444 390908 3108566 4760662 24552468
269	518 439484 3747057 5028280 25529133
270	444 344840 3456038 4840448 21726875
271	444 373756 2648396 4382046 19557611
272	592 312500 2600549 4336384 19630829
273	444 322606 2816607 4218550 23181059
274	444 331104 2755202 4509122 25930493
275	444 381082 2909714 4468216 23747866
276	444 336994 2942871 4606604 21795361
277	518 342060 3174933 4400262 19861034
278	444 335864 3043987 4540866 22244565
279	518 423446 3344605 4627882 23620067
280	486 450440 2995425 4466094 23035310
281	444 282998 3307304 4313118 24248221
282	444 399612 3026705 4508126 17833923
283	444 341182 3012623 4581386 21481870
284	444 272892 2419759 4030738 15299670
285	444 273032 2003922 4248686 18055349
286	444 331640 2247416 3996633 22313600
287	444 341936 2259500 4373297 20755865
288	444 359682 2607821 3893541 22649512
289	444 343454 2351191 4132925 21641690
290	518 303912 2253593 3637902 19784649
291	518 316196 2603564 3243584 23006076
292	518 329718 2493981 3827268 21327600
293	444 1628079 2943307 3297468 23657406
294	518 1532465 2848084 6144188 20618263
295	444 2899828 3216222 13050649 22392066
296	518 2295898 2648861 13558163 17299138
297	518 5849775 12881147 14911117 14911117
298	243925 5745433 16436571 22587252 22587252
299	882 1972 146550 15861431 15861431
300	74 74 74 23704071 23704071
301	314372 314372 314372 314372 314372
302	74 74 74 74 74
