1	90 168 258 258 5365962
2	90 160 250 1410 3557184
3	0 90 160 5560 1791908
4	0 0 1316 63112 1775676
5	0 0 5562 141504 1524482
6	0 70 115768 223293 1261856
7	0 6430 214888 668638 1570552
8	1142 105864 634546 1023870 1395374
9	0 96402 577288 1207160 1501332
10	0 118038 812310 1172736 1610626
11	0 92448 977455 1271200 3967638
12	0 214622 1149471 1277926 4845818
13	0 193048 1036493 1383881 11491354
14	42 196340 975933 1332452 6382729
15	834 224786 955114 1297524 6862406
16	518 220554 1014840 1269848 6174051
17	444 189864 1128083 1226376 6778923
18	592 219712 1077379 1267461 6580617
19	444 223066 1073840 1287362 6216678
20	518 242474 1069690 1200000 7105089
21	592 213368 1057813 1231300 6173663
22	444 219820 1044542 1264478 6335616
23	444 225116 1077968 1232746 5970001
24	518 225702 1042734 1170813 6355522
25	518 243266 1045373 1250906 6285107
26	444 195878 1082597 1194920 6601408
27	444 199376 1087246 1296854 6401414
28	444 220760 1061509 1166302 5698374
29	518 237730 1058097 1205480 6786886
30	444 211784 1034286 1153423 6226162
31	518 208212 1036460 1251112 6707835
32	518 244718 1064430 1241014 5755009
33	444 212708 1043817 1293540 6224998
34	518 230000 1024695 1198498 6562698
35	518 204920 1034312 1219278 6412533
36	444 220306 1081874 1172673 5826697
37	444 268346 996752 1238658 6305734
38	518 222270 1013844 1156248 6384795
39	592 203674 1035536 1248236 5979582
40	518 227030 1023154 1275211 6620989
41	444 214688 1055999 1161474 5830688
42	592 228812 1084054 1183960 6303712
43	444 219110 1061545 1160768 5826070
44	592 192446 1030736 1173730 6419378
45	592 243638 1032886 1254644 6349040
46	370 212172 965596 1132027 6401319
47	518 203600 1090582 1217324 6673398
48	444 211652 930796 1207394 5877592
49	518 220826 1101700 1285650 6467940
50	518 270136 962382 1184075 6458905
51	518 235676 997644 1146036 5853320
52	560 245544 1027329 1233476 5972558
53	518 264980 1043817 1220879 5766736
54	518 170732 1097726 1266793 6955005
55	518 204912 1075634 1257345 6233072
56	518 193898 1023922 1351080 6004629
57	444 222336 959717 1086856 6798095
58	592 226098 983275 1227836 5619323
59	444 263594 1027663 1271816 6349306
60	518 269468 1086702 1260884 5699271
61	444 212742 1028820 1200908 6548314
62	518 212048 955660 1173460 6360051
63	444 219044 980401 1181964 7040113
64	518 204846 1032801 1211508 6019735
65	444 215414 1019678 1190152 5444268
66	518 215150 987896 1153615 5870776
67	518 207420 1022838 1184628 6405386
68	518 207684 1011351 1249958 5749751
69	518 239240 970129 1253685 6154220
70	518 213616 943580 1160754 5816378
71	518 188354 1032880 1138578 6673499
72	444 220290 1004890 1202756 5915171
73	518 246476 1032766 1162996 6300009
74	518 245378 960055 1126508 6151445
75	444 221998 992273 1156172 5304483
76	518 207032 1039938 1155820 6061820
77	518 199170 944244 1158662 6650626
78	592 201488 1030984 1196402 6055931
79	444 221544 1020963 1136638 6068228
80	560 207742 1124840 1245758 6734288
81	444 209268 972680 1224307 6062732
82	518 205646 948944 1166472 6077558
83	518 221486 958468 1155948 6652875
84	518 217336 1012986 1130019 6739960
85	592 217402 1024958 1176272 5994220
86	370 231188 1003479 1256685 6095145
87	518 256400 1040069 1169316 6464341
88	518 240560 955177 1228308 6199648
89	518 237874 1016644 1126846 6248524
90	444 233094 1041283 1152126 6784073
91	518 227360 1103295 1185874 5777884
92	518 218046 1031217 1183134 6537076
93	518 244058 997048 1167003 5910493
94	370 241608 927576 1132406 5990263
95	592 239446 964743 1122116 5807890
96	444 249264 1050530 1240996 6398082
97	518 266160 1023765 1126237 5986516
98	518 244916 1036378 1155948 6283070
99	518 237788 1058028 1188767 6508298
100	444 225908 994069 1233256 6040351
101	444 221354 1005020 1206792 6761810
102	444 235182 948947 1104026 6595429
103	444 244124 1022280 1223838 5378027
104	518 262142 1036438 1213436 6554130
105	444 247622 1027086 1186708 5028529
106	518 216074 1016619 1232130 6330555
107	444 217732 1005042 1142506 6292516
108	444 239826 1058624 1214950 6380325
109	560 261028 1043775 1179156 5889653
110	444 227822 995956 1212672 5824703
111	518 217988 932636 1218945 6677620
112	444 216866 1091624 1179258 5863834
113	518 240898 991058 1220323 6443144
114	444 242334 921700 1174450 6418863
115	518 215372 1028295 1224351 5690854
116	444 62330 1003508 1116254 6943028
117	518 101204 954618 1183704 6563666
118	518 13412 988349 1162904 5961289
119	518 55152 983761 1157464 6441592
120	444 72358 1085603 1112536 6532332
121	518 210068 1037240 1120550 5712076
122	444 224126 1080063 1143188 5946914
123	518 246038 979604 1197720 5843299
124	444 239636 955098 1157906 6386768
125	518 248678 1036977 1139798 6465353
126	370 234620 1063806 1197232 5734862
127	518 219300 989551 1096095 6253655
128	518 220488 1028332 1203984 5567120
129	444 211446 951940 1146030 6363449
130	518 208880 949888 1184768 6385164
131	444 259898 1084356 1208330 5664013
132	518 241938 963248 1074594 6332869
133	518 250922 1091339 1206197 6174585
134	444 257316 976076 1152844 6860438
135	592 215654 1039650 1179765 5836424
136	444 216462 1013000 1197988 6602981
137	560 202800 1023013 1131852 5301025
138	444 208682 1073627 1171658 5765904
139	592 205382 1062799 1115994 6743982
140	444 235288 1014298 1135272 6267721
141	444 222072 1084954 1139732 6204169
142	444 197924 1027876 1248706 6276609
143	518 251384 989549 1131113 6542648
144	444 247424 961638 1105240 6906638
145	518 233704 1031388 1197200 5679349
146	444 221156 1050184 1194184 6903845
147	592 242846 1097610 1143504 6061789
148	518 230660 1005439 1143151 6255010
149	518 230330 1030978 1176326 6861790
150	444 237062 1030030 1190006 5654164
151	370 238852 949601 1201854 6267304
152	444 265772 983829 1104560 6620313
153	518 233498 1089359 1161752 5923272
154	518 227558 1026278 1180162 5898088
155	444 191712 1084414 1192719 6489011
156	518 219506 1040772 1251211 5426952
157	518 207156 1041867 1237050 6559444
158	518 219440 979896 1186208 6287787
159	444 247994 978770 1206478 5953218
160	518 235808 1017032 1153640 6388688
161	518 197074 1028750 1219120 6246712
162	518 214292 1088182 1131101 6507975
163	518 211982 951278 1277934 5486248
164	518 202932 1095920 1157790 6332179
165	444 211916 965712 1156852 6507352
166	560 234150 996660 1184016 6651531
167	444 229794 1000757 1154064 6363010
168	444 223986 1000661 1190602 6803262
169	592 263066 1023202 1223910 5800435
170	518 251516 995121 1170906 6080027
171	518 218648 993588 1219066 6184096
172	518 235536 1002798 1213323 6106157
173	518 233696 1068247 1254252 5758158
174	518 244850 1033556 1195978 6339930
175	518 206504 1060963 1178430 6534366
176	444 256796 1049434 1126758 6211833
177	444 220108 1073807 1232820 6585990
178	518 202478 1050776 1193852 5917477
179	444 203064 956140 1205643 5961319
180	444 227418 967752 1215550 6429341
181	592 264510 933358 1155344 6729454
182	518 248852 947387 1259246 5735186
183	518 246228 999933 1155098 6649221
184	370 255798 999598 1241706 5906248
185	444 261482 1026533 1162524 6240854
186	518 217526 1028690 1152868 6290660
187	444 234620 1015361 1153528 5567547
188	518 250798 988717 1144532 6354986
189	518 227336 978444 1204992 5526360
190	444 217926 1000602 1186920 6287200
191	518 226362 1005826 1260014 5811996
192	518 262860 999562 1164588 5829187
193	518 273692 1027812 1171062 6205256
194	560 200820 1079990 1211088 7035510
195	518 205126 1037751 1148684 5903066
196	444 197396 1020400 1208202 6398438
197	518 199574 994352 1150692 6244174
198	444 236996 979952 1182016 6511086
199	518 233490 1016029 1210118 6516053
200	444 268428 1081808 1192278 5909310
201	518 202776 1089288 1160970 6216771
202	592 198724 1084094 1158895 6345808
203	518 219102 983421 1203848 6686514
204	444 227418 1025937 1186734 5984535
205	518 214044 1031358 1189950 6622668
206	444 209862 1047428 1231082 6109707
207	518 197140 1087501 1225332 6149849
208	518 185252 992719 1277404 6324683
209	518 209796 985416 1184530 6350675
210	518 225240 1113496 1176135 5782956
211	444 190986 1019828 1174244 7036695
212	592 189872 1031863 1165344 6094644
213	370 190838 1109254 1212616 6496122
214	444 210208 1051000 1180446 6720393
215	518 211458 1061486 1205054 6193983
216	444 229324 1012154 1259174 6021026
217	444 209730 1016615 1253658 6684271
218	518 208220 1034023 1218762 6734843
219	518 209936 975518 1172470 6393894
220	444 233622 1056613 1258295 6249208
221	518 210926 982423 1173348 6723404
222	518 216264 992103 1207268 6765345
223	486 230990 1013151 1159376 6462271
224	518 230198 1017895 1208756 5352994
225	444 240230 1046743 1235217 6150074
226	518 207560 1104558 1154084 5805682
227	518 203534 958851 1271256 6082676
228	444 173900 975705 1149962 6458756
229	444 187900 1021341 1152900 5753646
230	518 231980 1079018 1189146 6559901
231	444 229736 1036720 1229928 5759309
232	518 187084 1084716 1181464 6421476
233	444 214234 1016679 1205930 6434830
234	444 241550 1047902 1201278 6718918
235	592 240362 997386 1206489 6372728
236	444 239966 1016858 1220538 6057167
237	444 149682 991514 1189628 6191368
238	592 189312 1073105 1196645 6704512
239	444 192982 1078158 1204322 6437767
240	518 235156 863679 1113202 6452320
241	370 209012 974546 1160179 6979874
242	518 203534 1058909 1222262 6074238
243	370 207758 1144580 1240868 5805888
244	592 228548 926301 1311526 6637594
245	444 255418 1003176 1305712 5984677
246	518 194756 974574 1168199 6430563
247	592 241740 985136 1247372 5845080
248	444 216536 980711 1174442 6471983
249	444 236402 1098838 1194892 6171309
250	518 234002 1100882 1274585 6279669
251	486 202486 1095676 1248236 6161668
252	592 223400 1007122 1215508 6457360
253	444 225982 1044161 1274340 7028679
254	518 242276 978654 1161235 6627823
255	518 184848 1014194 1169413 6315788
256	518 222022 1025842 1154414 6211347
257	518 212766 990848 1222998 6350421
258	518 212832 975684 1248670 6843930
259	370 205506 1032862 1112274 6415020
260	518 225652 1134920 1212340 5537087
261	518 202940 917958 1160466 5452959
262	444 185244 889651 1178857 6681326
263	444 207296 1022546 1185118 6223142
264	592 222476 910817 1172778 6337836
265	518 255476 1061830 1166230 5952288
266	370 234950 1034486 1173096 6323850
267	444 233094 1023080 1224951 6482606
268	592 213954 1048035 1211089 6224363
269	444 194352 1010743 1104492 6364016
270	444 191984 946998 1170240 6124441
271	444 195416 936838 1168374 6420758
272	518 218112 902543 1088391 5831051
273	444 193230 874953 1224206 6743191
274	518 206636 1041986 1178803 5602602
275	370 203402 954863 1204350 6089848
276	518 172102 1048169 1131126 6406538
277	518 174560 1077550 1182339 6691854
278	444 179906 827008 1170397 6196266
279	592 209870 835877 1221184 6629128
280	560 205514 908219 1140313 6332452
281	444 205448 966879 1284206 5420206
282	518 206768 997278 1272394 5940753
283	518 228812 994352 1221462 6073066
284	444 204540 1130430 1222762 6284117
285	444 202404 983169 1197921 6861314
286	518 207362 1002766 1206382 6764584
287	518 198848 960972 1162658 6359607
288	518 212386 1036026 1226596 6316408
289	518 204128 1009167 1168672 5809764
290	444 198750 981228 1206266 6438074
291	518 200638 1065576 1234599 6046591
292	444 212626 1096778 1175396 6324405
293	518 193098 1001714 1155556 6934927
294	518 196200 1084492 1204730 6507776
295	444 237582 1029868 1158858 6001773
296	518 201018 1033571 1087276 6129397
297	370 223318 1040715 1219456 6063846
298	518 236246 1017636 1132641 6298787
299	518 198774 1009040 1201034 6418274
300	444 188816 1007898 1213638 6165642
301	518 232970 970728 1256734 6142187
302	518 257068 996632 1257734 6366707
303	444 208022 975876 1245382 5985272
304	592 221058 1054483 1210495 6218927
305	444 226312 949798 1158646 6371873
306	518 212568 995382 1154327 6499794
307	518 217130 1004395 1154288 6413892
308	518 219712 937524 1156922 5748652
309	486 193230 1005436 1137088 6640540
310	518 226436 987144 1215400 5957024
311	518 226568 1102962 1226215 6026077
312	518 192438 1057933 1146382 6877630
313	444 209540 1051227 1161590 5950318
314	518 191588 1030034 1166842 6552056
315	518 211916 1000722 1139154 6502601
316	444 223986 1069349 1224244 5666104
317	592 227220 1026180 1134487 6885081
318	444 206364 914103 1298099 6439561
319	370 195878 1027388 1233260 6406230
320	518 237062 1080256 1248222 5523876
321	444 311510 955706 1133040 5795789
322	592 265838 1103780 1217197 7053514
323	444 301280 1076418 1145154 6070823
324	592 228556 1151403 1229611 6956274
325	370 208600 1065540 1175312 5696562
326	592 193412 1040548 1192107 6690836
327	518 252316 940973 1116949 6276671
328	444 209400 1010594 1157665 6884360
329	518 217658 887970 1120602 6042166
330	518 223202 996925 1160016 6384440
331	518 245156 999615 1123900 5961305
332	444 208880 1033598 1213014 6141392
333	592 212840 1005966 1166682 5872086
334	518 214564 1012800 1270708 6445185
335	444 213690 958920 1131114 6054684
336	444 241616 979732 1186252 5835002
337	560 256062 1031596 1219873 6162150
338	370 233902 1043218 1158204 5904700
339	444 215538 1085626 1194732 6107375
340	518 222872 980476 1295332 6326498
341	518 223392 914042 1136868 6134738
342	518 213170 996208 1160010 6672539
343	518 216000 1043083 1114866 7071707
344	444 229406 1044040 1119166 5336363
345	592 236864 1084984 1172609 5839389
346	444 242210 1076762 1172022 6375457
347	518 235082 1062946 1148688 6139586
348	518 264262 1022283 1194098 6915958
349	518 225834 978977 1098462 6372933
350	444 245452 1035932 1084177 5842565
351	592 255286 999642 1280462 6431741
352	444 222534 1052869 1212640 5994463
353	518 228738 1079020 1215330 5710307
354	518 230008 1032467 1173220 6008999
355	518 225744 1002510 1177514 6167100
356	444 242944 1053543 1164966 6036286
357	518 240222 953692 1148295 6954651
358	518 222344 1065540 1196924 5851258
359	444 207242 972372 1156364 6123655
360	444 235272 1077863 1228654 6511725
361	592 308824 1038754 1148900 6008780
362	444 206438 1046436 1288438 6216069
363	444 216206 975192 1108290 6523187
364	444 212478 1156104 1214260 6903780
365	444 221890 969278 1085770 6462879
366	592 223788 986451 1099234 5457198
367	444 242582 1005455 1175649 5957422
368	444 234562 1014124 1070050 5840545
369	518 243596 1082848 1163522 6489126
370	444 232970 1031384 1196464 6241017
371	560 224402 1103195 1270081 6052550
372	444 257258 984928 1212324 6685769
373	518 238052 967195 1083028 6106479
374	518 285490 1037178 1185192 6609622
375	518 223664 1033123 1133747 5777421
376	444 234620 1021311 1187962 6010788
377	666 235214 1061459 1137225 6867017
378	370 290060 952609 1246426 6170367
379	518 265974 1056864 1220298 5548175
380	518 228012 1059157 1244624 5871753
381	518 212510 1016864 1123344 6322235
382	518 89874 1028458 1158661 5899667
383	444 185784 1028179 1147693 5926056
384	444 149670 981088 1218360 6175157
385	666 253884 1009642 1215609 5688613
386	518 241088 1081785 1201939 6105169
387	444 203452 975274 1195942 5921695
388	518 241096 992168 1182266 5857486
389	518 257068 1027264 1207158 6346207
390	444 236014 1020528 1154896 5946069
391	518 302270 1040054 1145823 6280047
392	518 155692 1048784 1175577 5299859
393	444 213080 1039374 1282100 5928592
394	592 208476 907384 1140374 6997057
395	444 223128 1016115 1159172 6197611
396	592 235486 994839 1084871 6503093
397	444 256276 1013513 1205346 5338462
398	444 266540 1007508 1120942 5980796
399	444 227278 1005536 1242196 5826852
400	518 265124 980300 1162468 6511031
401	444 282470 1036950 1140140 5957887
402	444 205778 1009894 1137601 6183568
403	592 229348 1044200 1219251 6506625
404	560 239364 971550 1185652 4899527
405	518 235346 1004440 1150720 6250725
406	444 259214 1103870 1188471 5656370
407	518 252060 997019 1239720 6037295
408	518 244388 1031648 1224894 6270691
409	444 268098 1054625 1210506 6186675
410	518 251260 942139 1148988 6568117
411	518 234546 1073438 1202954 5841735
412	444 201166 1031834 1157664 5815901
413	518 235140 1021145 1281000 6694017
414	518 249082 987253 1211911 5426285
415	518 231188 916890 1229264 6379192
416	592 241212 1016184 1208396 6197360
417	444 226964 1045084 1212430 6152724
418	444 235998 987274 1113567 6664283
419	518 252968 1026322 1154042 6616571
420	444 249734 1013597 1211682 5600391
421	518 242276 960347 1172652 6657929
422	444 182942 1102626 1234012 6204884
423	592 269410 1056456 1138862 6281858
424	518 223004 1038407 1225822 5911805
425	444 232170 1018117 1150665 5766677
426	518 186960 997191 1176940 6099200
427	444 222608 1028394 1154920 6436507
428	444 212040 1066792 1163192 6115433
429	518 246756 1014578 1189826 6247093
430	444 247416 1005034 1154528 6146235
431	444 234026 1005749 1136636 6266534
432	592 233036 986635 1177376 6499868
433	444 248282 958254 1159454 6686596
434	518 211784 991496 1107986 6102093
435	444 217534 1017290 1087996 6636697
436	444 210076 1080882 1214084 5939257
437	560 228882 974517 1089422 6643632
438	592 232904 995432 1230909 5715480
439	370 241220 986081 1168336 6258903
440	518 246822 970519 1158978 6352410
441	518 269204 1027150 1210842 6076356
442	518 207552 1048432 1221756 6046437
443	518 256334 933537 1167382 6263619
444	518 258966 1057458 1136348 5764227
445	518 269006 1050246 1166663 6153144
446	444 268742 980774 1144852 6446017
447	518 233300 1023862 1272344 6378615
448	518 285844 955264 1182794 6068255
449	518 257266 1041337 1117331 6680837
450	370 258644 1078016 1212698 6640999
451	592 241236 1034540 1155801 5293639
452	592 225018 1041161 1107677 6212769
453	370 243926 1015309 1127236 6306661
454	518 194352 1022702 1205686 6163050
455	518 192966 980754 1216531 6283934
456	518 219374 965861 1225854 5731483
457	592 242540 1042216 1165647 6193745
458	444 259486 1030462 1101866 5064084
459	518 207816 1061059 1184985 5941158
460	444 230924 1027128 1159302 5702787
461	518 263272 1089747 1178476 5791239
462	444 240440 988319 1227836 6458991
463	592 247630 1140948 1171962 6251621
464	444 204128 989041 1170122 6607283
465	518 215546 1003459 1087612 6291095
466	370 230198 1019220 1158632 6660790
467	592 244770 976568 1163908 6442644
468	370 261342 1108973 1196790 5231978
469	518 222806 1059187 1162910 6159519
470	518 225652 1052548 1217249 6612499
471	486 226106 979845 1163720 5932816
472	518 215612 924388 1263326 6428238
473	444 217320 1013060 1153965 6607550
474	444 239784 1012954 1222653 6293754
475	592 287362 1068355 1175000 6208813
476	518 244454 992256 1201770 6832022
477	444 204590 1027832 1206842 6279799
478	518 210142 969060 1156770 6153935
479	444 224720 929689 1177346 6347314
480	592 204268 984952 1179800 6968352
481	444 198370 950302 1201973 5666974
482	518 230784 984339 1157904 5973362
483	444 229110 974784 1168904 6273552
484	518 213294 895904 1176396 5869080
485	518 247886 1062795 1216566 6231937
486	444 208286 884257 1090126 6398022
487	518 223664 1054362 1246390 6405896
488	444 235544 990000 1217830 5474479
489	518 204978 905749 1209533 6324834
490	444 235808 1009232 1176741 6331754
491	592 219968 1042511 1209770 5603657
492	518 231584 1082621 1151992 6777634
493	518 217914 1146702 1224354 5639247
494	370 221156 1028248 1206908 6236915
495	518 210002 975526 1152834 6302986
496	518 240172 1025304 1143706 7198123
497	518 240890 1096950 1196898 5917342
498	518 206042 1027662 1214742 5429623
499	518 226832 1017285 1298043 6403678
500	444 244496 1051390 1201253 6207017
501	518 223178 1023472 1287618 6567721
502	370 222674 945429 1172040 6033297
503	444 248884 945991 1194588 6703114
504	560 219184 1017504 1176558 6753028
505	444 169924 1075139 1242768 5571224
506	592 217732 1014258 1158698 6037035
507	444 212238 1026730 1167670 6001796
508	518 218392 999664 1186986 6580307
509	444 257060 999012 1221301 6162776
510	444 212972 913567 1183395 4903927
511	518 242342 969185 1246522 5297937
512	444 224382 1034350 1249311 6811382
513	444 206966 1034606 1161498 5655544
514	370 214292 960062 1176318 5973139
515	592 230866 997672 1162063 6697013
516	444 258124 996713 1218184 6458979
517	666 237780 1091998 1252806 6165434
518	370 258124 1106112 1265860 6111454
519	592 230000 1087130 1139482 6048805
520	444 246376 874654 1118080 7583504
521	592 239966 1030333 1147477 5358597
522	592 197256 966437 1084928 7163430
523	370 217584 951954 1280862 6252673
524	444 256532 971758 1174299 5862388
525	518 211916 983676 1176033 6196335
526	444 209878 1037631 1209976 6230870
527	444 191514 921476 1177922 6087332
528	518 230652 1041694 1239556 6064909
529	518 234554 1073072 1278367 5937762
530	518 198642 1021963 1169867 6083239
531	518 230520 1025226 1214827 5929511
532	444 230586 1033804 1222814 6246442
533	592 247490 981442 1226963 6155470
534	444 226106 979900 1200320 6805833
535	592 207420 964158 1205717 6781885
536	444 205506 1057442 1270146 6131782
537	518 213162 1045088 1204718 7370921
538	486 200102 990051 1209681 6059516
539	518 205514 981822 1304180 6479761
540	444 214556 942137 1179712 6659085
541	592 198114 1067516 1168842 6074922
542	370 200572 1029808 1213084 6474695
543	518 223640 1005446 1182114 5686193
544	444 204062 1048131 1226904 6439307
545	444 187108 1074259 1223894 6424122
546	592 217138 992268 1199236 6035572
547	518 186300 973933 1205346 6037480
548	518 182678 1032366 1218594 6464331
549	592 181160 1033608 1225464 6616661
550	444 200102 1050650 1161980 5951551
551	518 203724 1060417 1237306 6677199
552	444 265162 934687 1232272 7455105
553	518 271134 1014870 1230886 5439978
554	518 177192 1039308 1194259 6691148
555	518 203014 1074202 1166254 6539227
556	370 212048 1018352 1292808 6299453
557	592 218516 898493 1233302 6075182
558	444 214218 969800 1213406 6813860
559	592 194426 1081289 1240258 6257956
560	444 200696 1059087 1172517 6414776
561	518 186432 1098748 1224314 6211577
562	444 175542 1045378 1251112 6276110
563	518 185508 914994 1279698 6571435
564	518 203072 943828 1253001 6475590
565	444 191852 993726 1215995 6217402
566	518 217262 1084554 1194299 6441196
567	444 207494 1006954 1281340 6710351
568	444 235090 1057214 1220010 5910047
569	518 229736 1077134 1278284 7089062
570	518 219382 1045917 1166714 6338549
571	518 206900 1128809 1257742 6699587
572	486 197520 1011899 1185494 6851502
573	518 208418 1034802 1179759 6855875
574	518 191052 963444 1212352 6126082
575	444 185912 1005597 1139080 5878639
576	444 204928 945778 1227027 6260503
577	518 203642 1035416 1232264 6340231
578	444 195350 1077554 1158698 6047014
579	444 192380 1047714 1225467 6374696
580	518 199252 1029757 1203853 6178893
581	444 190928 1021479 1229804 6535387
582	518 194360 963292 1241095 6581606
583	444 183602 1084762 1159350 6242703
584	518 207420 1033438 1182848 6671335
585	518 222740 867364 1274987 6882848
586	518 205184 1011196 1192485 6293920
587	518 199376 1049667 1234020 6664510
588	444 221882 962386 1288279 6551929
589	592 200086 1044014 1238621 6640307
590	518 210728 976059 1219446 6394986
591	518 201084 977303 1301814 6164207
592	444 208352 1056168 1268739 6333785
593	518 190466 1064229 1261090 6129213
594	518 188280 940076 1121467 6398455
595	592 215266 1031003 1215786 7272316
596	370 217534 1079826 1227384 6037817
597	518 214366 936471 1251733 6151218
598	444 216342 1079642 1212759 5928382
599	518 207940 1095004 1240267 7164800
600	444 205184 1097018 1245268 7179780
601	518 202214 963628 1168856 6235996
602	518 204532 973532 1208639 6230441
603	444 191522 932493 1202130 7398762
604	518 186770 972994 1240206 6166737
605	486 204392 1046974 1234030 5854217
606	444 202948 1035774 1287074 5871356
607	518 199104 1048629 1224775 6300196
608	592 213368 911487 1247700 6285872
609	518 185442 1075868 1147308 6156169
610	444 217782 1052333 1234680 6719118
611	444 203658 995298 1250731 6027224
612	518 195862 1019438 1167818 6720415
613	518 188924 1056350 1292254 5588585
614	444 194502 1018799 1103782 6880089
615	518 206504 1065059 1155354 5633849
616	518 204714 1034014 1223968 6298473
617	518 226774 1098536 1198148 7029758
618	518 209186 1078592 1261228 6156147
619	518 210736 1100188 1182968 6278684
620	518 211322 1020839 1157476 6303292
621	518 218558 1049298 1161670 6208831
622	518 212098 979762 1233052 6359333
623	518 233704 999146 1210382 6486644
624	444 231510 1082116 1286056 6909617
625	518 230784 1051483 1171884 7041571
626	444 235742 1027125 1257018 6128156
627	444 190994 997239 1288294 5898793
628	592 203204 955642 1107286 5346492
629	592 200754 1018986 1238158 5685790
630	370 207898 949446 1151146 7328468
631	518 216198 976198 1219924 5379563
632	444 219242 960508 1227752 6927147
633	518 231130 1102618 1247171 5977008
634	518 230454 920664 1161453 6246806
635	518 236014 964521 1205206 6062302
636	518 202172 1064766 1241276 6650810
637	444 181688 1026454 1188654 7369991
638	518 197726 1093794 1228026 5543924
639	412 203724 905276 1171672 5824670
640	518 201282 1080749 1177770 6402211
641	370 203336 1094631 1199757 6001618
642	592 190920 1035961 1167892 6623696
643	444 201472 981321 1197540 6625471
644	518 235082 1103166 1176358 6153197
645	518 227286 1047577 1177926 6398123
646	444 233564 1031040 1120011 6478089
647	518 236138 1050132 1224858 6364177
648	592 201612 1009686 1132038 6056108
649	444 234752 1032480 1276345 7071904
650	518 240032 904394 1142442 5378576
651	592 200836 1020091 1205392 5680209
652	518 223334 1028558 1197906 5848925
653	444 217980 997290 1109587 6127586
654	444 213112 1049680 1233532 6386309
655	518 216594 1074633 1160849 5679796
656	518 198122 1027696 1156608 5545508
657	592 195746 1011979 1158524 6198428
658	444 175576 959625 1169760 6619899
659	592 180558 1030610 1241226 6074577
660	444 164850 917344 1172090 6375831
661	518 176078 1025698 1285650 5742262
662	592 186968 917234 1115257 6891650
663	370 188816 1116197 1182455 6642112
664	444 223202 999178 1242067 5626662
665	444 216140 1034500 1173832 6386253
666	518 208616 1053816 1262577 7062474
667	518 215018 977798 1280526 6362807
668	444 208492 959141 1193929 6688862
669	592 206966 940356 1234688 6616544
670	370 184262 941757 1152850 6106524
671	518 227608 1000513 1211229 6672849
672	486 208988 1038956 1281339 5884520
673	592 199962 1000081 1158340 6155626
674	518 223746 956488 1232263 6230412
675	444 212584 1067760 1201669 6567239
676	444 209474 956400 1176266 6001667
677	592 211586 990158 1244887 6353033
678	444 219440 1028457 1140784 5755625
679	518 202660 1087896 1174224 6977847
680	518 196612 1029040 1225562 6319096
681	518 215092 1049272 1238536 5799178
682	592 210382 1048269 1200499 6882235
683	518 219828 973151 1158304 6473304
684	444 227690 1038188 1250486 5842016
685	518 213896 1073450 1179869 6585608
686	444 214688 999886 1197422 6065846
687	444 225512 1057975 1293984 6542155
688	444 211908 1037948 1200160 5954449
689	518 207164 1106979 1197349 6826500
690	444 184064 1006297 1157629 6539853
691	518 204986 991860 1180034 6137584
692	444 208570 952660 1103592 6002315
693	518 206702 884383 1182158 6327039
694	444 216808 982394 1313894 6373139
695	592 239512 1029848 1160316 6155149
696	444 242086 1139833 1210312 6340384
697	518 222856 1061922 1209755 4288148343
698	444 234142 1029034 1250842 6673095
699	444 204120 1039054 1247208 6581520
700	518 217196 991487 1260946 5476237
701	518 222080 981654 1186674 6038319
702	518 194962 1082968 1225752 5949897
703	486 199550 1042141 1220370 6459766
704	518 208806 979274 1162926 5659998
705	518 204458 1086556 1253636 6465312
706	444 195284 1024414 1213385 6375328
707	518 186704 1028360 1142281 6219185
708	518 219242 962691 1293196 6143662
709	518 226956 1011378 1177776 5698244
710	444 222674 1065138 1231790 5982166
711	444 220166 1023642 1250579 6933714
712	518 224390 992523 1206106 5919803
713	518 217526 1002008 1198796 6542256
714	666 222154 1066358 1162583 6155584
715	444 185946 1035034 1198874 6096485
716	518 222138 1022462 1162201 6489408
717	518 235940 942562 1119188 6588694
718	444 235280 1004144 1283464 6478463
719	518 201810 1018468 1227156 5997777
720	592 231444 1024016 1303664 6173112
721	444 252580 1022761 1221698 6198865
722	518 227864 1009010 1148508 6485272
723	518 264064 1003208 1199797 6441250
724	518 197198 1005530 1101072 6415318
725	518 207370 1130752 1233021 6169384
726	444 209862 1052356 1269078 6434115
727	518 210728 960828 1230918 6314153
728	444 241344 1088860 1172926 6707466
729	518 273440 1045740 1165270 5952943
730	592 246162 1034918 1211058 7481578
731	518 231386 1039022 1236453 5529860
732	444 273008 999639 1217470 6056438
733	444 162478 979274 1112460 6265737
734	486 226164 1032135 1223072 5917000
735	444 223532 901467 1122490 6398916
736	592 237326 996006 1166226 6735347
737	444 235478 1021656 1178763 5990839
738	518 247202 1038890 1235192 6360460
739	518 277982 1059262 1158734 6143212
740	518 282396 1017976 1163509 6479476
741	444 238556 1024529 1133569 6211207
742	518 235090 1037263 1109171 6806504
743	444 252638 1032606 1269142 6094789
744	518 246294 1001087 1208246 6304360
745	444 249222 997878 1151808 5262156
746	518 233366 1091210 1188312 6425656
747	518 215084 1072797 1166135 6137072
748	518 228276 1054926 1207918 5867873
749	592 227578 1041562 1178830 6189028
750	518 201934 1042388 1158606 5865877
751	592 208278 1016094 1182960 6501098
752	296 233762 1079406 1210212 6321366
753	592 239900 1033960 1175849 6408370
754	518 237854 1016768 1135096 6025991
755	592 259898 1015936 1123250 6601919
756	370 203526 1018660 1228008 6333774
757	592 226172 1032209 1087176 6125793
758	518 236806 958535 1126494 6378775
759	444 146880 988074 1097050 6513706
760	518 163550 1031327 1176994 5820298
761	592 244586 1052932 1229885 6037968
762	518 250700 1062957 1188738 6517741
763	518 230008 1023154 1164855 5333583
764	444 190260 970645 1075212 6523809
765	518 256078 1021806 1250714 5878192
766	486 206620 1003060 1134242 5424597
767	444 222938 950995 1050988 5629387
768	518 251128 1029832 1263852 6207178
769	444 172382 1041404 1210376 5589470
770	370 17768 1080832 1209375 5960368
771	444 17108 1068818 1580060 6873561
772	518 28638 952084 1131221 5968187
773	518 16094 947288 1235907 5661910
774	444 14320 886840 1252032 6242767
775	444 27186 715933 1084806 5939748
776	518 14790 950538 1218024 5605495
777	412 90818 887223 1122425 5695891
778	444 189476 803724 1203706 6640010
779	444 187990 921497 1159391 6253381
780	444 15104 745381 1059903 4965288
781	444 28938 897704 1203021 6389436
782	444 233704 940863 1364604 6495011
783	444 220752 886888 1357930 5315371
784	444 16692 872559 1115742 6045489
785	444 14340 837633 1223846 6136963
786	444 15904 858494 1147294 6836063
787	370 15664 1050549 1122418 5465553
788	518 183800 1086260 1216455 5127116
789	444 27487 983983 1182571 5760941
790	592 763303 1023482 1212632 6164699
791	518 586016 958728 3580132 6215532
792	370 65149 760341 3346383 5684140
793	518 1968 3150883 4677406 6608085
794	41029 300512 3066387 4482383 4828805
795	486 2439439 3647088 4783634 4783634
796	74 354 2830203 4169487 4169487
797	0 0 74 3344271 3344271
798	354 354 84852 84852 84852
799	0 0 74 74 74
800	354 354 354 354 354
801	74 74 74 74 74
